128816.0
[6355.0, 2568.0, 6199.0, 3586.0, 3243.0, 15844.0, 3577.0, 8701.0, 10293.0, 7978.0, 5088.0, 4760.0, 5709.0, 5918.0, 6622.0, 6682.0, 7962.0, 5379.0, 2888.0, 9464.0]
Improvement by SISRS: 
[[0, 79, 101, 199, 103, 210, 144, 23, 91], [1, 209, 24, 29, 212, 65, 147, 125, 186, 53, 177, 114], [2, 76, 137, 102, 162, 195, 55, 52, 140, 184, 207, 127], [3, 54, 185, 138, 145, 90, 28, 20, 118], [4, 196, 22, 107, 27, 205, 146, 117, 176], [5, 120, 163, 112, 154, 74, 26, 151, 204, 136, 200, 68, 72], [6, 97, 174, 132, 194, 32, 62, 21, 109, 86, 58, 126, 36], [7, 133, 178, 57, 169, 41, 170, 203, 218, 56, 100, 157, 156, 202], [8, 77, 180, 123, 73, 37, 206, 159, 35, 161, 130, 82, 75], [9, 166, 179, 183, 85, 66, 89, 110], [10, 49, 139, 38, 211, 215, 116, 115, 149, 33, 78, 34], [11, 31, 135, 148, 92, 158, 30, 25, 141], [12, 64, 197, 46, 192, 173, 43, 80, 119, 83, 198, 128], [13, 81, 150, 63, 121, 165, 87, 95], [14, 40, 42, 201, 94, 182, 213, 164, 214, 71, 111], [15, 167, 122, 143, 160, 88, 219], [16, 39, 60, 104, 99, 50, 44, 191, 96, 129, 181], [17, 67, 152, 45, 171, 59, 172, 188, 108, 124, 217, 47, 93, 168], [18, 189, 153, 69, 175, 131, 187, 98, 48, 106, 61, 142], [19, 216, 51, 190, 84, 105, 134, 113, 70, 193, 155, 208]]
[5958.0, 2447.0, 3139.0, 1839.0, 5014.0, 14179.0, 3212.0, 8231.0, 7892.0, 6071.0, 6959.0, 2539.0, 4046.0, 2550.0, 5907.0, 3234.0, 3218.0, 5377.0, 2296.0, 9285.0]
103393.0
Improvement by SISRS 10000: 
[[0, 79, 101, 199, 103, 210, 144, 23, 91], [1, 209, 24, 29, 212, 65, 147, 125, 186, 53, 177, 114], [2, 76, 137, 102, 162, 195, 55, 52, 140, 184, 207, 127], [3, 112, 74, 154, 180, 123, 204, 151, 26, 200, 136, 68], [4, 77, 37, 73, 146, 205, 27, 117, 176], [5, 148, 92, 25, 30, 141, 158], [6, 97, 174, 132, 194, 32, 62, 21, 109, 86, 58, 126, 36], [7, 120, 163, 138, 185, 54, 145, 90, 28, 20, 118, 72], [8, 133, 178, 196, 107, 22, 206, 159, 35, 161, 130, 82, 75], [9], [10, 41, 169, 57, 170, 203, 218, 56, 100, 157, 156, 202], [11, 135, 31, 183, 85, 166, 179, 66, 89, 110], [12, 64, 197, 46, 192, 173, 43, 80, 119, 83, 198, 128], [13, 81, 150, 63, 121, 165, 95, 87, 47, 115, 149, 93, 168], [14, 49, 139, 38, 211, 215, 116, 33, 171, 188, 108, 124, 217, 78, 34], [15, 51, 190, 84, 105, 134, 113, 70, 193, 155, 208], [16, 39, 60, 104, 99, 50, 44, 191, 96, 129, 181], [17, 152, 67, 45, 59, 172, 69, 175, 131, 187, 98, 48, 106, 61, 142], [18, 189, 153, 40, 42, 201, 94, 182, 213, 164, 214, 71, 111], [19, 167, 122, 216, 143, 160, 88, 219]]
[5958.0, 2447.0, 3139.0, 6619.0, 4423.0, 4511.0, 3212.0, 4389.0, 7729.0, 0.0, 8024.0, 3371.0, 4046.0, 4665.0, 4353.0, 5033.0, 3218.0, 5703.0, 4605.0, 6182.0]
91627.0
Improvement by SISRS 10000,  T_0 = 100: 
[[0, 79, 101, 199, 103, 210, 144, 23, 91], [1, 209, 24, 29, 212, 65, 147, 125, 186, 53, 177, 114], [2, 76, 137, 102, 162, 195, 55, 140, 52, 184, 207, 127], [3, 163, 120, 138, 185, 54, 145, 90, 28, 20, 118], [4, 154, 74, 56, 218, 203], [5, 112, 77, 180, 123, 37, 73, 204, 151, 26, 200, 136, 68, 72], [6, 97, 174, 132, 194, 32, 62, 21, 109, 86, 58, 126, 36], [7, 133, 178, 57, 169, 41, 159, 35, 170, 157, 100, 156, 202], [8, 196, 22, 107, 27, 205, 146, 117, 176, 206, 161, 130, 82, 75], [9], [10, 49, 139, 38, 211, 215, 116, 115, 149, 168, 93, 47], [11, 92, 148, 135, 31, 110, 66, 30, 25, 141, 158], [12, 64, 197, 46, 192, 173, 43, 80, 119, 83, 198, 128], [13, 81, 150, 63, 121, 165, 87, 95], [14, 40, 42, 201, 94, 182, 213, 164, 214, 71, 111, 34], [15, 183, 85, 166, 179, 216, 143, 160, 88, 219, 89], [16, 39, 60, 104, 99, 50, 44, 191, 96, 129, 181], [17, 152, 67, 45, 171, 59, 172, 188, 108, 124, 78, 33, 217], [18, 189, 153, 69, 175, 131, 187, 98, 48, 106, 61, 142], [19, 167, 122, 51, 190, 84, 105, 134, 113, 70, 193, 155, 208]]
[5958.0, 2447.0, 3139.0, 2626.0, 1485.0, 14751.0, 3212.0, 8229.0, 8085.0, 0.0, 7372.0, 3811.0, 4046.0, 2550.0, 6118.0, 6426.0, 3218.0, 4557.0, 2296.0, 9341.0]
99667.0
