149203.0
[10596.0, 5826.0, 5128.0, 11515.0, 6736.0, 5822.0, 9673.0, 7348.0, 8461.0, 13084.0, 5631.0, 7690.0, 4690.0, 8099.0, 6267.0, 5858.0, 7968.0, 5464.0, 4151.0, 9196.0]
Improvement by SISRS: 
[[0, 79, 199, 101, 162, 195, 55, 52, 184, 207, 118, 72], [1, 24, 29, 65, 144, 210, 103, 23, 91, 140, 127], [2, 76, 137, 102, 209, 212, 147, 125, 186, 53, 114, 177], [3, 112, 77, 180, 123, 204, 73, 151, 26, 200, 136, 68], [4, 196, 22, 107, 27, 205, 37, 146, 117, 176, 82, 75], [5, 194, 97, 174, 132, 32, 62, 21, 86, 109], [6, 120, 163, 138, 185, 54, 145, 90, 28, 20, 36, 126, 58], [7, 81, 150, 63, 121, 165, 87, 95], [8, 203, 154, 74, 56, 218, 100, 202, 156, 157], [9, 166, 179, 66, 183, 85, 89, 110], [10, 41, 169, 57, 133, 178, 170, 35, 159, 206, 161, 130], [11, 31, 135, 148, 30, 92, 25, 158, 141], [12, 39, 60, 104, 99, 50, 44, 191, 96, 129, 181], [13, 197, 64, 46, 192, 173, 43, 80, 119, 83, 198, 128], [14, 211, 38, 49, 139, 215, 116, 115, 149, 168, 93, 47], [15, 51, 190, 84, 105, 134, 113, 70, 193, 155, 208], [16, 167, 122, 216, 143, 160, 88, 219], [17, 67, 152, 45, 171, 33, 59, 172, 187, 98, 48, 106, 61, 142], [18, 189, 40, 42, 201, 94, 182, 213, 164, 214, 71, 111], [19, 131, 175, 69, 153, 188, 108, 124, 34, 78, 217]]
[9048.0, 4029.0, 5348.0, 7115.0, 6960.0, 4968.0, 6031.0, 3755.0, 4742.0, 6065.0, 6247.0, 2510.0, 4110.0, 3357.0, 3608.0, 5033.0, 4937.0, 5957.0, 4516.0, 7968.0]
106304.0
Improvement by SISRS 10000: 
[[0, 79, 101, 199, 103, 210, 144, 23, 91], [1, 209, 24, 29, 212, 65, 147, 125, 186, 53, 114, 177], [2, 76, 137, 102, 162, 195, 55, 52, 140, 207, 184, 127], [3, 112, 77, 180, 123, 37, 204, 151, 26, 200, 136, 68], [4, 196, 22, 107, 27, 205, 73, 146, 117, 176, 82, 75], [5, 194, 97, 174, 132, 32, 62, 21, 109, 86, 36, 58, 126], [6, 120, 163, 138, 185, 54, 145, 90, 28, 72, 118, 20], [7, 74, 154, 203, 218, 56, 100, 157, 156, 202], [8, 63, 121, 150, 81, 95, 87, 165], [9, 166, 179, 85, 183, 110, 66], [10, 41, 169, 57, 133, 178, 170, 35, 159, 206, 161, 130], [11, 31, 135, 148, 30, 92, 25, 158, 141], [12, 167, 122, 216, 143, 160, 88, 219, 89], [13, 197, 64, 46, 192, 173, 43, 80, 119, 83, 198, 128], [14, 211, 38, 49, 139, 215, 116, 115, 149, 168, 93, 47], [15, 51, 190, 84, 105, 134, 113, 70, 193, 155, 208], [16, 39, 60, 104, 99, 50, 44, 191, 96, 129, 181], [17, 189, 153, 69, 175, 131, 187, 98, 48, 106, 61, 142], [18, 40, 42, 201, 94, 182, 213, 164, 214, 71, 111], [19, 67, 152, 45, 171, 33, 59, 172, 188, 108, 124, 34, 78, 217]]
[5958.0, 2448.0, 3209.0, 7006.0, 6675.0, 6070.0, 5497.0, 5409.0, 4124.0, 5359.0, 6247.0, 2510.0, 7680.0, 3357.0, 3608.0, 5033.0, 3218.0, 4804.0, 4137.0, 8547.0]
100896.0
Improvement by SISRS 10000,  T_0 = 100: 
[[0, 76, 137, 102, 162, 195, 55, 52, 140, 207, 184], [1, 24, 79, 101, 199, 103, 210, 144, 23, 91], [2, 209, 29, 212, 65, 147, 125, 186, 53, 114, 177, 127], [3, 112, 77, 180, 123, 37, 204, 151, 26, 200, 136, 68], [4, 196, 22, 107, 27, 205, 73, 146, 117, 176, 82, 75], [5, 194, 97, 174, 132, 32, 62, 21, 109, 86, 36, 58, 126], [6, 120, 163, 138, 185, 54, 145, 90, 28, 72, 118, 20], [7, 81, 150, 63, 121, 165, 87, 95], [8, 203, 154, 74, 56, 218, 157, 100, 156, 202], [9, 166, 85, 183, 179, 66, 89, 110], [10, 41, 169, 57, 133, 178, 170, 35, 159, 206, 161, 130], [11, 31, 135, 148, 30, 92, 158, 25, 141], [12, 39, 60, 104, 99, 50, 44, 191, 96, 129, 181], [13, 197, 64, 46, 192, 173, 43, 80, 119, 83, 198, 128], [14, 211, 38, 49, 139, 215, 116, 115, 149, 168, 93, 47], [15, 51, 190, 84, 105, 134, 113, 70, 193, 155, 208], [16, 167, 122, 216, 143, 160, 88, 219], [17, 189, 153, 69, 175, 131, 187, 98, 48, 106, 61, 142], [18, 40, 42, 201, 94, 182, 213, 164, 214, 71, 111], [19, 67, 152, 45, 171, 33, 59, 172, 188, 108, 124, 34, 78, 217]]
[5250.0, 4564.0, 5055.0, 7006.0, 6675.0, 6070.0, 5497.0, 3755.0, 4701.0, 6025.0, 6247.0, 2510.0, 4110.0, 3357.0, 3608.0, 5033.0, 4937.0, 4804.0, 4137.0, 8547.0]
101888.0
