126505.0
[7634.0, 4746.0, 5663.0, 11916.0, 7266.0, 5755.0, 7988.0, 4222.0, 10442.0, 0.0, 7139.0, 4268.0, 6031.0, 5621.0, 6504.0, 5189.0, 6840.0, 7774.0, 4710.0, 6797.0]
Improvement by SISRS: 
[[0, 79, 101, 199, 103, 210, 144, 23, 91], [1, 209, 24, 29, 212, 65, 147, 125, 186, 53, 177, 114], [2, 76, 137, 102, 162, 195, 55, 52, 140, 184, 207, 127], [3, 112, 74, 77, 180, 123, 37, 73, 204, 151, 26, 200, 136, 68], [4, 196, 22, 107, 27, 205, 146, 117, 176, 206, 161, 130, 82, 75], [5, 148, 92, 25, 30, 141, 158], [6, 97, 174, 132, 194, 32, 62, 21, 109, 86, 58, 126, 36], [7, 120, 163, 138, 185, 54, 145, 90, 28, 20, 118, 72], [8, 203, 154, 56, 218, 157, 100, 156, 202], [9], [10, 133, 178, 57, 169, 41, 159, 35, 170], [11, 135, 31, 183, 85, 166, 179, 66, 89, 110], [12, 64, 197, 46, 192, 173, 99, 50, 44, 191, 96, 129, 181, 198, 128], [13, 81, 150, 63, 121, 165, 87, 95, 215, 116, 115, 149, 47, 93, 168], [14, 49, 139, 38, 211, 172, 69, 175, 131, 187, 98, 61, 142, 34], [15, 51, 190, 84, 105, 134, 113, 70, 193, 155, 208], [16, 167, 122, 216, 143, 160, 88, 219], [17, 67, 152, 45, 171, 59, 188, 108, 124, 33, 78, 217], [18, 189, 153, 40, 42, 201, 94, 182, 213, 164, 214, 71, 111], [19, 104, 60, 39, 43, 80, 119, 83, 106, 48]]
[5958.0, 2447.0, 3139.0, 7270.0, 6301.0, 4511.0, 3212.0, 4389.0, 4413.0, 0.0, 5873.0, 3371.0, 6115.0, 5069.0, 6635.0, 5033.0, 4937.0, 4336.0, 4605.0, 8301.0]
95915.0
Improvement by SISRS 10000: 
[[0, 79, 101, 199, 103, 210, 144, 23, 91], [1, 209, 24, 29, 212, 65, 147, 125, 186, 53, 177, 114], [2, 76, 137, 102, 162, 195, 55, 52, 140, 184, 207, 127], [3, 112, 74, 154, 203, 218, 56, 100, 157, 156, 202], [4, 77, 180, 123, 37, 73, 204, 151, 26, 200, 136, 68], [5], [6, 97, 174, 132, 194, 32, 62, 21, 109, 86, 58, 126, 36], [7, 120, 163, 138, 185, 54, 145, 90, 28, 20, 118, 72], [8, 133, 178, 196, 22, 107, 27, 205, 146, 117, 176, 130, 82, 75], [9, 166, 85, 183, 110, 89, 179, 66], [10, 41, 57, 169, 35, 170, 161, 206, 159], [11, 31, 135, 148, 92, 25, 30, 158, 141], [12, 64, 197, 192, 173, 39, 43, 46, 83, 119, 80, 198, 128], [13, 81, 150, 63, 121, 165, 95, 87, 47, 115, 149, 93, 168], [14, 49, 139, 38, 211, 215, 116, 33, 171, 59, 188, 108, 124, 34, 78, 217], [15, 51, 190, 84, 105, 134, 113, 70, 193, 155, 208], [16, 167, 122, 216, 143, 160, 88, 219], [17, 67, 152, 45, 172, 69, 175, 131, 187, 98, 48, 106, 61, 142], [18, 189, 153, 40, 42, 201, 94, 182, 213, 164, 214, 71, 111], [19, 99, 104, 60, 50, 44, 191, 96, 129, 181]]
[5958.0, 2447.0, 3139.0, 3936.0, 4792.0, 0.0, 3212.0, 4389.0, 8114.0, 5960.0, 5426.0, 2539.0, 4753.0, 4665.0, 4581.0, 5033.0, 4937.0, 5593.0, 4605.0, 5371.0]
89450.0
Improvement by SISRS 10000,  T_0 = 100: 
[[0, 102, 162, 195, 55, 52, 140, 127, 207, 184], [1, 24, 29, 79, 101, 199, 103, 210, 144, 23, 91], [2, 76, 137, 209, 212, 65, 147, 125, 186, 53, 114, 177], [3, 112, 74, 77, 180, 123, 37, 73, 204, 151, 26, 200, 136, 68], [4, 196, 22, 107, 27, 205, 146, 117, 176, 206, 161, 130, 82, 75], [5, 141, 30, 148, 25, 158], [6, 97, 174, 132, 194, 32, 62, 21, 109, 86, 58, 126, 36], [7, 120, 163, 138, 185, 54, 145, 90, 28, 20, 118, 72], [8, 203, 154, 56, 218, 157, 100, 156, 202], [9], [10, 133, 178, 57, 169, 170, 35, 159, 41], [11, 92, 135, 31, 183, 85, 166, 179, 66, 89, 110], [12, 64, 197, 192, 173, 39, 43, 46, 83, 119, 80, 198, 128], [13, 81, 150, 63, 121, 165, 95, 87, 211, 116, 115, 149, 47, 93, 168], [14, 49, 139, 38, 215, 172, 69, 175, 131, 187, 98, 48, 106, 61, 142], [15, 51, 190, 84, 105, 134, 113, 70, 193, 155, 208], [16, 167, 122, 216, 143, 160, 88, 219], [17, 67, 152, 45, 33, 171, 59, 188, 108, 124, 34, 78, 217], [18, 189, 153, 40, 42, 201, 94, 182, 213, 164, 214, 71, 111], [19, 99, 104, 60, 50, 44, 191, 96, 129, 181]]
[5042.0, 4567.0, 4994.0, 7270.0, 6301.0, 4146.0, 3212.0, 4389.0, 4413.0, 0.0, 5583.0, 3735.0, 4753.0, 5064.0, 6846.0, 5033.0, 4937.0, 4606.0, 4605.0, 5371.0]
94867.0
