113725.0
[4705.0, 6084.0, 5427.0, 9318.0, 7747.0, 0.0, 3372.0, 10055.0, 7788.0, 0.0, 8173.0, 3899.0, 6021.0, 5636.0, 4685.0, 5189.0, 6947.0, 6417.0, 5302.0, 6960.0]
Improvement by SISRS: 
[[0, 79, 101, 199, 103, 210, 144, 23, 91], [1, 209, 24, 29, 212, 65, 147, 125, 186, 53, 177, 114], [2, 76, 137, 102, 162, 195, 55, 52, 140, 184, 207, 127], [3, 112, 74, 154, 77, 37, 73, 204, 151, 26, 200, 136, 68], [4, 180, 123, 196, 22, 107, 27, 205, 146, 117, 176], [5, 92, 148, 30, 25, 158, 141], [6, 174, 97, 132, 194, 32, 62, 21, 109, 86, 58, 126, 36], [7, 81, 150, 121, 165, 63, 218, 203, 56, 100, 157, 156, 202], [8, 120, 163, 138, 185, 54, 145, 90, 28, 20, 118, 72], [9], [10, 133, 178, 57, 169, 41, 170, 35, 159, 206, 161, 130, 82, 75], [11, 135, 31, 183, 85, 166, 179, 66, 89, 110], [12, 39, 60, 104, 99, 50, 44, 191, 96, 129, 181], [13, 197, 64, 46, 192, 173, 83, 119, 43, 80, 198, 128], [14, 38, 49, 139, 116, 215, 211, 87, 95, 168, 93, 47], [15, 51, 190, 84, 105, 134, 113, 70, 193, 155, 208], [16, 167, 122, 216, 143, 160, 88, 219], [17, 67, 152, 45, 171, 59, 172, 188, 108, 124, 33, 115, 149], [18, 40, 42, 201, 94, 182, 213, 164, 214, 71, 111, 34, 78, 217], [19, 69, 189, 153, 175, 131, 187, 98, 48, 106, 61, 142]]
[5958.0, 2447.0, 3139.0, 7238.0, 5805.0, 4512.0, 3339.0, 7225.0, 6449.0, 0.0, 7380.0, 3371.0, 4110.0, 3345.0, 4849.0, 5033.0, 4937.0, 4843.0, 5587.0, 7036.0]
96603.0
Improvement by SISRS 10000: 
[[0, 79, 101, 199, 103, 210, 144, 23, 91], [1, 209, 137, 76, 102, 162, 195, 55, 140, 52, 184, 207, 127, 177], [2, 120, 163, 138, 185, 54, 145, 90, 28, 72, 118, 20], [3, 112, 74, 77, 180, 123, 37, 73, 204, 151, 26, 200, 136, 68], [4, 154, 203, 170, 35, 159, 206, 161, 130, 82], [5, 24, 29, 212, 65, 147, 125, 114, 53, 186], [6, 174, 97, 132, 194, 32, 62, 21, 109, 86, 58, 126, 36], [7, 81, 150, 63, 121, 165, 87, 95], [8, 133, 178, 196, 22, 107, 27, 205, 146, 117, 176, 75], [9, 148, 92, 25, 30, 158, 141], [10, 41, 169, 57, 218, 56, 100, 202, 156, 157], [11, 135, 31, 183, 85, 166, 179, 66, 89, 110], [12, 39, 60, 104, 99, 50, 44, 191, 96, 129, 181], [13, 197, 64, 46, 192, 173, 83, 119, 43, 80, 198, 128], [14, 38, 49, 139, 211, 215, 116, 115, 149, 168, 93, 47], [15, 122, 160, 88, 219], [16, 167, 216, 143, 51, 190, 84, 105, 134, 113, 70, 193, 155, 208], [17, 152, 67, 45, 171, 59, 172, 188, 108, 124, 34, 33, 78, 217], [18, 40, 42, 201, 94, 182, 213, 164, 214, 71, 111], [19, 69, 189, 153, 175, 131, 187, 98, 48, 106, 61, 142]]
[5958.0, 3436.0, 4472.0, 7270.0, 4106.0, 4751.0, 3339.0, 3755.0, 7782.0, 5516.0, 7604.0, 3371.0, 4110.0, 3345.0, 3639.0, 2947.0, 8107.0, 4971.0, 4137.0, 7036.0]
99652.0
Improvement by SISRS 10000,  T_0 = 100: 
[[0, 102, 162, 195, 55, 52, 140, 127, 207, 184], [1, 24, 29, 79, 101, 199, 103, 210, 144, 23, 91], [2, 76, 137, 209, 212, 65, 147, 125, 186, 53, 114, 177], [3, 112, 74, 154, 203, 77, 73, 204, 151, 26, 200, 136, 68], [4, 180, 123, 37, 196, 22, 107, 27, 205, 146, 117, 176], [5], [6, 174, 97, 132, 194, 32, 62, 21, 109, 86, 58, 126, 36], [7, 81, 150, 63, 121, 165, 87, 95, 157, 218, 56, 100, 156, 202], [8, 120, 163, 138, 185, 54, 145, 90, 28, 20, 118, 72], [9], [10, 133, 178, 57, 169, 41, 170, 35, 159, 206, 161, 130, 82, 75], [11, 92, 135, 31, 183, 85, 179, 166, 148, 30, 25, 141, 158], [12, 39, 60, 104, 99, 50, 44, 191, 96, 129, 181], [13, 197, 64, 46, 192, 173, 83, 119, 43, 80, 198, 128], [14, 38, 49, 139, 211, 215, 116, 115, 149, 168, 93, 47], [15, 51, 190, 84, 105, 134, 113, 70, 193, 155, 208], [16, 167, 122, 216, 143, 160, 88, 219, 66, 110, 89], [17, 152, 67, 45, 171, 59, 172, 188, 108, 124, 34, 33, 78, 217], [18, 40, 42, 201, 94, 182, 213, 164, 214, 71, 111], [19, 69, 189, 153, 175, 131, 187, 98, 48, 106, 61, 142]]
[5042.0, 4567.0, 4994.0, 7563.0, 5835.0, 0.0, 3339.0, 7406.0, 6449.0, 0.0, 7380.0, 3899.0, 4110.0, 3345.0, 3639.0, 5033.0, 6947.0, 4971.0, 4137.0, 7036.0]
95692.0
