135474.0
[12565.0, 2534.0, 6036.0, 7400.0, 5083.0, 15822.0, 3326.0, 4252.0, 6533.0, 9412.0, 8079.0, 2196.0, 14870.0, 4011.0, 5298.0, 7938.0, 3412.0, 3448.0, 4268.0, 8991.0]
Improvement by SISRS: 
[[0, 79, 101, 199, 103, 210, 144, 23, 91], [1, 209, 24, 29, 212, 65, 147, 125, 186, 53, 177, 114], [2, 76, 137, 102, 162, 195, 55, 52, 140, 184, 207, 127], [3, 163, 120, 138, 185, 54, 145, 90, 28, 20, 118], [4, 77, 180, 123, 37, 73, 204, 151, 26, 200, 136], [5, 178, 196, 22, 107, 27, 205, 146, 117, 176, 68, 72], [6, 194, 97, 174, 132, 32, 62, 21, 109, 86], [7, 81, 150, 63, 121, 165, 87, 95], [8, 133, 57, 169, 41, 159, 206, 35, 170, 161, 130, 82, 75], [9, 51, 190, 84, 105, 134, 113, 70, 193, 155, 208], [10, 40, 42, 201, 94, 182, 213, 164, 214, 71, 111], [11, 148, 30, 25, 92, 158, 141], [12, 112, 74, 154, 203, 218, 56, 100, 157, 156, 202, 36, 58, 126], [13, 197, 64, 46, 192, 173, 43, 80, 119, 83, 198, 128], [14, 211, 38, 49, 139, 215, 116, 115, 149, 168, 93, 47], [15, 31, 135, 183, 85, 166, 179, 66, 110, 89], [16, 39, 60, 104, 99, 50, 44, 191, 96, 129, 181], [17, 189, 153, 69, 175, 131, 187, 98, 48, 106, 61, 142], [18, 67, 152, 45, 33, 171, 59, 172, 188, 108, 124, 34, 78, 217], [19, 167, 122, 216, 143, 160, 88, 219]]
[5958.0, 2447.0, 3139.0, 2626.0, 4785.0, 16675.0, 2275.0, 3755.0, 5855.0, 9273.0, 6961.0, 1652.0, 10711.0, 3357.0, 3608.0, 3404.0, 3218.0, 2296.0, 4255.0, 6182.0]
102432.0
Improvement by SISRS 10000: 
[[0, 79, 101, 199, 103, 210, 144, 23, 91], [1, 209, 24, 29, 212, 65, 147, 125, 186, 53, 177, 114], [2, 76, 137, 102, 162, 195, 55, 140, 52, 184, 207, 127], [3, 196, 22, 107, 27, 73, 204, 151, 26, 200, 136, 68], [4, 77, 180, 123, 37, 146, 205, 117, 176, 206, 161, 82], [5, 120, 163, 138, 185, 54, 145, 90, 28, 72, 118, 20], [6, 112, 74, 154, 203, 218, 56, 100, 157, 156, 202, 36], [7, 81, 150, 63, 121, 165, 87, 95], [8, 133, 178, 57, 169, 41, 159, 35, 170, 130, 75], [9, 51, 190, 84, 105, 134, 113, 70, 193, 155, 208], [10, 40, 42, 201, 94, 182, 213, 164, 214, 71, 111], [11, 148, 31, 135, 92, 158, 30, 25, 141], [12, 132, 174, 97, 194, 32, 62, 21, 109, 86, 58, 126], [13, 197, 64, 46, 192, 173, 43, 80, 119, 83, 198, 128], [14, 211, 38, 49, 139, 215, 116, 115, 149, 168, 93, 47], [15, 179, 166, 85, 183, 66, 110, 89], [16, 39, 60, 104, 99, 50, 44, 191, 96, 129, 181], [17, 189, 153, 69, 175, 131, 187, 98, 48, 106, 61, 142], [18, 67, 152, 45, 33, 171, 59, 172, 188, 108, 124, 34, 78, 217], [19, 167, 122, 216, 143, 160, 88, 219]]
[5958.0, 2447.0, 3139.0, 8601.0, 5646.0, 8293.0, 8051.0, 3755.0, 5291.0, 9273.0, 6961.0, 2510.0, 4347.0, 3357.0, 3608.0, 2486.0, 3218.0, 2296.0, 4255.0, 6182.0]
99674.0
Improvement by SISRS 10000,  T_0 = 100: 
[[0, 79, 101, 199, 103, 210, 144, 23, 91], [1, 209, 24, 29, 212, 65, 147, 125, 186, 53, 177, 114], [2, 76, 137, 102, 162, 195, 55, 52, 140, 184, 207, 127], [3, 54, 163, 138, 185, 145, 90, 28, 20, 118], [4, 77, 74, 154, 203, 218, 56, 100, 156, 157], [5, 120, 180, 123, 37, 73, 204, 151, 26, 200, 136, 68, 72], [6, 194, 97, 174, 132, 32, 62, 21, 109, 86, 58, 36], [7, 81, 150, 63, 121, 165, 87, 95], [8, 133, 178, 57, 169, 41, 170, 35, 159, 206, 161, 130, 82], [9, 51, 190, 84, 105, 134, 113, 70, 193, 155, 208], [10, 40, 42, 201, 94, 182, 213, 164, 214, 71, 111], [11, 148, 30, 25, 92, 158, 141], [12, 112, 196, 22, 107, 27, 205, 146, 117, 176, 75, 202, 126], [13, 197, 64, 46, 192, 173, 43, 80, 119, 83, 198, 128], [14, 211, 38, 49, 139, 215, 116, 115, 149, 168, 93, 47], [15, 31, 135, 183, 85, 166, 179, 66, 110, 89], [16, 39, 60, 104, 99, 50, 44, 191, 96, 129, 181], [17, 189, 153, 69, 175, 131, 187, 98, 48, 106, 61, 142], [18, 67, 152, 45, 33, 171, 59, 172, 188, 108, 124, 34, 78, 217], [19, 167, 122, 216, 143, 160, 88, 219]]
[5958.0, 2447.0, 3139.0, 2225.0, 3250.0, 14517.0, 2741.0, 3755.0, 5833.0, 9273.0, 6961.0, 1652.0, 15457.0, 3357.0, 3608.0, 3404.0, 3218.0, 2296.0, 4255.0, 6182.0]
103528.0
