142628.0
[8430.0, 5558.0, 8086.0, 11421.0, 7747.0, 11047.0, 10855.0, 4493.0, 9112.0, 6296.0, 5696.0, 2631.0, 5025.0, 3896.0, 6060.0, 5802.0, 6384.0, 6174.0, 7246.0, 10669.0]
Improvement by SISRS: 
[[0, 138, 120, 36, 86, 194, 32, 62, 21, 109], [1, 24, 212, 210, 103, 199, 101, 23, 144, 177, 114], [2, 76, 137, 102, 162, 195, 79, 91, 55, 140, 52, 184, 207, 127], [3, 112, 77, 180, 123, 204, 151, 200, 26, 136, 68], [4, 196, 22, 107, 37, 73, 146, 205, 27, 117, 176, 206, 130, 75], [5, 209, 29, 65, 147, 125, 53, 186], [6, 97, 132, 174, 63, 165, 95, 126, 58], [7, 72, 163, 145, 185, 54, 90, 28, 20, 118], [8, 156, 74, 154, 203, 218, 56, 100, 202, 157], [9, 85, 183, 66, 110, 89, 179, 166], [10, 57, 169, 41, 178, 133, 170, 82, 161, 35, 159], [11, 31, 135, 148, 30, 25, 92, 158, 141], [12, 64, 39, 60, 104, 99, 50, 191, 44, 96, 129, 181], [13, 81, 150, 197, 192, 173, 46, 128, 198, 80, 43, 119, 83], [14, 211, 38, 78, 171, 59, 108, 172, 188, 124, 34], [15, 51, 190, 84, 105, 134, 113, 70, 193, 155, 208], [16, 167, 122, 216, 143, 160, 88, 219], [17, 67, 139, 49, 121, 87, 152, 47, 215, 116, 115, 149, 93, 168], [18, 45, 40, 42, 201, 94, 182, 213, 164, 214, 71, 111], [19, 189, 153, 69, 175, 131, 187, 98, 48, 106, 33, 217, 142, 61]]
[8597.0, 4076.0, 5171.0, 6860.0, 7291.0, 4901.0, 6883.0, 4146.0, 5067.0, 5991.0, 6280.0, 2390.0, 4822.0, 5290.0, 4005.0, 5033.0, 4937.0, 7423.0, 5425.0, 9437.0]
114025.0
Improvement by SISRS 10000: 
[[0, 138, 120, 36, 97, 194, 32, 62, 21, 109], [1, 24, 199, 79, 91, 101, 103, 210, 144, 23], [2, 76, 137, 102, 162, 195, 55, 140, 52, 184, 207, 127], [3, 112, 74, 77, 200, 123, 204, 151, 26, 136, 68], [4, 180, 37, 73, 22, 196, 107, 27, 205, 146, 117, 176, 75], [5, 209, 212, 65, 147, 125, 29, 53, 186, 114, 177], [6, 132, 81, 150, 63, 121, 95, 86, 174, 126, 58], [7, 72, 163, 145, 185, 54, 90, 28, 20, 118], [8, 203, 154, 56, 218, 156, 202, 100, 157], [9, 85, 183, 66, 110, 89, 179, 166], [10, 57, 169, 41, 178, 133, 82, 170, 35, 159, 206, 161, 130], [11, 31, 135, 148, 30, 25, 92, 158, 141], [12, 39, 60, 104, 99, 50, 191, 44, 96, 129, 181], [13, 197, 46, 64, 128, 198, 192, 173, 43, 80, 119, 83], [14, 49, 139, 211, 215, 78, 108, 188, 172, 33, 217, 124, 34], [15, 51, 190, 84, 105, 134, 113, 70, 193, 155, 208], [16, 167, 122, 216, 143, 160, 88, 219], [17, 67, 152, 87, 165, 38, 47, 116, 115, 149, 93, 168], [18, 189, 153, 40, 42, 201, 94, 182, 213, 164, 214, 71, 111], [19, 45, 171, 59, 69, 175, 131, 187, 98, 48, 106, 61, 142]]
[8764.0, 4874.0, 3139.0, 6998.0, 6925.0, 5393.0, 7400.0, 4146.0, 4523.0, 5991.0, 6823.0, 2390.0, 4266.0, 3515.0, 4653.0, 5033.0, 4937.0, 5950.0, 4605.0, 8224.0]
108549.0
Improvement by SISRS 10000,  T_0 = 100: 
[[0, 138, 120, 36, 86, 194, 32, 62, 21, 109], [1, 209, 24, 212, 65, 199, 101, 103, 210, 144, 23, 177, 114], [2, 76, 137, 102, 162, 195, 79, 91, 55, 52, 140, 184, 207, 127], [3, 112, 77, 180, 123, 37, 204, 200, 151, 26, 136, 68], [4, 196, 22, 107, 27, 205, 146, 73, 117, 176, 206, 161, 130, 75], [5, 132, 97, 174, 53, 29, 125, 147, 186], [6, 81, 150, 63, 121, 165, 87, 95, 126, 58], [7, 72, 163, 145, 185, 54, 90, 28, 20, 118], [8, 156, 218, 203, 154, 74, 56, 100, 202, 157], [9, 85, 183, 66, 110, 89, 179, 166], [10, 57, 169, 41, 178, 133, 82, 170, 35, 159], [11, 31, 135, 148, 30, 25, 92, 158, 141], [12, 39, 60, 104, 99, 50, 191, 44, 96, 129, 181], [13, 197, 46, 64, 128, 198, 192, 173, 43, 80, 119, 83], [14, 211, 49, 139, 38, 47, 215, 116, 115, 149, 168, 93], [15, 51, 190, 84, 105, 134, 113, 70, 193, 155, 208], [16, 167, 122, 216, 143, 160, 88, 219], [17, 67, 45, 171, 59, 108, 78, 33, 152, 172, 188, 124, 34, 217], [18, 40, 42, 201, 94, 182, 213, 164, 214, 71, 111, 61, 142], [19, 69, 189, 153, 175, 131, 187, 98, 106, 48]]
[8597.0, 5100.0, 5171.0, 7472.0, 6847.0, 7588.0, 6219.0, 4146.0, 5058.0, 5991.0, 6058.0, 2390.0, 4266.0, 3515.0, 3903.0, 5033.0, 4937.0, 6292.0, 4916.0, 6355.0]
109854.0
