90860.0
[7797.0, 5252.0, 3139.0, 1929.0, 5165.0, 4462.0, 3339.0, 6471.0, 5874.0, 5952.0, 6961.0, 2539.0, 4046.0, 2550.0, 3639.0, 5033.0, 3218.0, 5016.0, 2296.0, 6182.0]
Improvement by SISRS: 
[[0, 180, 123, 37, 73, 204, 151, 136, 68, 200, 26], [1, 209, 79, 101, 199, 103, 210, 144, 23, 91, 177, 53, 114], [2, 76, 137, 102, 162, 195, 55, 52, 140, 184, 207, 127], [3, 163, 120, 138, 185, 54, 145, 90, 28, 20, 118, 72], [4, 77, 196, 22, 107, 27, 205, 146, 117, 176], [5, 24, 29, 212, 65, 147, 125, 186], [6, 174, 97, 132, 194, 32, 62, 21, 109, 86, 58, 126, 36], [7, 112, 74, 154, 203, 218, 56, 100, 157, 156, 202], [8, 133, 178, 57, 169, 41, 170, 35, 159, 206, 161, 130, 82, 75], [9, 166, 179, 85, 183, 110, 89, 66], [10, 40, 42, 201, 94, 182, 213, 164, 214, 71, 111], [11, 31, 135, 148, 92, 25, 30, 158, 141], [12, 64, 197, 46, 192, 173, 43, 80, 119, 83, 198, 128], [13, 81, 150, 63, 121, 165, 87, 95], [14, 38, 49, 139, 211, 215, 116, 115, 149, 168, 93, 47], [15, 51, 190, 84, 105, 134, 113, 70, 193, 155, 208], [16, 39, 60, 104, 99, 50, 44, 191, 96, 129, 181], [17, 67, 152, 45, 171, 33, 59, 172, 188, 108, 124, 34, 78, 217], [18, 189, 153, 69, 175, 131, 187, 98, 48, 106, 61, 142], [19, 167, 122, 216, 143, 160, 88, 219]]
[7797.0, 5252.0, 3139.0, 2716.0, 5165.0, 4462.0, 3339.0, 5497.0, 5874.0, 5952.0, 6961.0, 2539.0, 4046.0, 2550.0, 3639.0, 5033.0, 3218.0, 5016.0, 2296.0, 6182.0]
90673.0
Improvement by SISRS (gamma 0.05): 
[[0, 180, 123, 37, 73, 204, 151, 136, 68, 200, 26], [1, 209, 79, 101, 199, 103, 210, 144, 23, 91], [2, 76, 137, 102, 162, 195, 55, 140, 52, 184, 207, 127], [3, 163, 120, 138, 185, 54, 145, 90, 28, 20, 118, 72], [4, 77, 196, 22, 107, 27, 205, 146, 117, 176], [5, 24, 29, 212, 65, 147, 125, 186, 53, 114, 177], [6, 174, 97, 132, 194, 32, 62, 21, 109, 86, 58, 126, 36], [7, 112, 74, 154, 203, 218, 56, 100, 157, 156, 202], [8, 133, 178, 57, 169, 41, 170, 35, 159, 206, 161, 130, 82, 75], [9, 166, 179, 85, 183, 110, 89, 66], [10, 40, 42, 201, 94, 182, 213, 164, 214, 71, 111], [11, 31, 135, 148, 92, 25, 30, 158, 141], [12, 64, 197, 46, 192, 173, 43, 80, 119, 83, 198, 128], [13, 81, 150, 63, 121, 165, 87, 95], [14, 38, 49, 139, 211, 215, 116, 115, 149, 168, 93, 47], [15, 51, 190, 84, 105, 134, 113, 70, 193, 155, 208], [16, 39, 60, 104, 99, 50, 44, 191, 96, 129, 181], [17, 67, 152, 45, 171, 33, 59, 172, 188, 108, 124, 34, 78, 217], [18, 189, 153, 69, 175, 131, 187, 98, 48, 106, 61, 142], [19, 167, 122, 216, 143, 160, 88, 219]]
[7797.0, 4751.0, 3139.0, 2716.0, 5165.0, 4909.0, 3339.0, 5497.0, 5874.0, 5952.0, 6961.0, 2539.0, 4046.0, 2550.0, 3639.0, 5033.0, 3218.0, 5016.0, 2296.0, 6182.0]
90619.0
Improvement by SISRS (T = 1000): 
[[0, 180, 123, 37, 73, 204, 151, 136, 68, 200, 26], [1, 24, 29, 79, 101, 199, 103, 210, 144, 23, 91], [2, 76, 137, 102, 162, 195, 55, 52, 140, 184, 207, 127], [3, 163, 120, 138, 185, 54, 145, 90, 28, 20, 118, 72], [4, 77, 196, 22, 107, 27, 205, 146, 117, 176], [5, 209, 212, 65, 147, 125, 186, 53, 114, 177], [6, 174, 97, 132, 194, 32, 62, 21, 109, 86, 58, 126, 36], [7, 112, 74, 154, 203, 218, 56, 100, 157, 156, 202], [8, 133, 178, 57, 169, 41, 170, 35, 159, 206, 161, 130, 82, 75], [9, 166, 179, 85, 183, 110, 89, 66], [10, 40, 42, 201, 94, 182, 213, 164, 214, 71, 111], [11, 31, 135, 148, 92, 25, 30, 158, 141], [12, 64, 197, 46, 192, 173, 43, 80, 119, 83, 198, 128], [13, 81, 150, 63, 121, 165, 87, 95], [14, 38, 49, 139, 211, 215, 116, 115, 149, 168, 93, 47], [15, 51, 190, 84, 105, 134, 113, 70, 193, 155, 208], [16, 39, 60, 104, 99, 50, 44, 191, 96, 129, 181], [17, 67, 152, 45, 171, 33, 59, 172, 188, 108, 124, 34, 78, 217], [18, 189, 153, 69, 175, 131, 187, 98, 48, 106, 61, 142], [19, 167, 122, 216, 143, 160, 88, 219]]
[7797.0, 4567.0, 3139.0, 2716.0, 5165.0, 5106.0, 3339.0, 5497.0, 5874.0, 5952.0, 6961.0, 2539.0, 4046.0, 2550.0, 3639.0, 5033.0, 3218.0, 5016.0, 2296.0, 6182.0]
90632.0
Improvement by SISRS (gamma 0.05, T = 1000): 
[[0, 180, 123, 37, 73, 204, 151, 136, 68, 200, 26], [1, 209, 79, 101, 199, 103, 210, 144, 23, 91], [2, 76, 137, 102, 162, 195, 55, 52, 140, 184, 207, 127], [3, 163, 120, 138, 185, 54, 145, 90, 28, 20, 118, 72], [4, 77, 196, 22, 107, 27, 205, 146, 117, 176], [5, 24, 29, 212, 65, 147, 125, 186, 53, 114, 177], [6, 174, 97, 132, 194, 32, 62, 21, 109, 86, 58, 126, 36], [7, 112, 74, 154, 203, 218, 56, 100, 157, 156, 202], [8, 133, 178, 57, 41, 169, 170, 35, 159, 206, 161, 130, 82, 75], [9, 166, 179, 85, 183, 110, 89, 66], [10, 40, 42, 201, 94, 182, 213, 164, 214, 71, 111], [11, 31, 135, 148, 92, 25, 30, 158, 141], [12, 64, 197, 46, 192, 173, 43, 80, 119, 83, 198, 128], [13, 81, 150, 63, 121, 165, 87, 95], [14, 38, 49, 139, 211, 215, 116, 115, 149, 168, 93, 47], [15, 51, 190, 84, 105, 134, 113, 70, 193, 155, 208], [16, 39, 60, 104, 99, 50, 44, 191, 96, 129, 181], [17, 67, 152, 45, 172, 59, 171, 33, 188, 108, 124, 34, 78, 217], [18, 189, 153, 69, 175, 131, 187, 98, 48, 106, 61, 142], [19, 167, 122, 216, 143, 160, 88, 219]]
[7797.0, 4751.0, 3139.0, 2716.0, 5165.0, 4909.0, 3339.0, 5497.0, 5884.0, 5952.0, 6961.0, 2539.0, 4046.0, 2550.0, 3639.0, 5033.0, 3218.0, 5069.0, 2296.0, 6182.0]
90682.0
Improvement by SISRS (T_0 = 1000, gamma 0.03, 100000 iterations): 
[[0, 180, 123, 37, 73, 204, 151, 136, 68, 200, 26], [1, 24, 29, 212, 65, 147, 125, 186, 53, 114], [2, 76, 137, 102, 162, 195, 55, 52, 184, 207], [3, 163, 120, 138, 185, 54, 145, 90, 28, 20, 118, 72], [4, 77, 196, 22, 107, 27, 205, 146, 117, 176], [5, 209, 79, 101, 199, 103, 210, 144, 23, 91, 140, 127, 177], [6, 174, 97, 132, 194, 32, 62, 21, 109, 86, 58, 126, 36], [7, 112, 74, 154, 203, 218, 56, 100, 157, 156, 202], [8, 133, 178, 57, 169, 41, 170, 35, 159, 206, 161, 130, 82, 75], [9, 166, 179, 85, 183, 110, 89, 66], [10, 40, 42, 201, 94, 182, 213, 164, 214, 71, 111], [11, 31, 135, 148, 92, 158, 30, 25, 141], [12, 64, 197, 46, 192, 173, 43, 80, 119, 83, 198, 128], [13, 81, 150, 63, 121, 165, 87, 95], [14, 38, 49, 139, 211, 215, 116, 115, 149, 168, 93, 47], [15, 51, 190, 84, 105, 134, 113, 70, 193, 155, 208], [16, 39, 60, 104, 99, 50, 44, 191, 96, 129, 181], [17, 67, 152, 45, 171, 33, 59, 172, 188, 108, 124, 34, 78, 217], [18, 189, 153, 69, 175, 131, 187, 98, 48, 106, 61, 142], [19, 167, 122, 216, 143, 160, 88, 219]]
[7797.0, 1561.0, 2874.0, 2716.0, 5165.0, 8104.0, 3339.0, 5497.0, 5874.0, 5952.0, 6961.0, 2539.0, 4046.0, 2550.0, 3639.0, 5033.0, 3218.0, 5016.0, 2296.0, 6182.0]
90359.0
Improvement by SISRS: 
[[0, 180, 123, 37, 73, 204, 151, 136, 68, 200, 26], [1, 209, 79, 101, 199, 103, 210, 144, 23, 91, 177, 53, 114], [2, 76, 137, 102, 162, 195, 55, 52, 140, 184, 207, 127], [3, 163, 120, 138, 185, 54, 145, 90, 28, 20, 118, 72], [4, 77, 196, 22, 107, 27, 205, 146, 117, 176], [5, 24, 29, 212, 65, 147, 125, 186], [6, 174, 97, 132, 194, 32, 62, 21, 109, 86, 58, 126, 36], [7, 112, 74, 154, 203, 218, 56, 100, 157, 156, 202], [8, 133, 178, 57, 169, 41, 170, 35, 159, 206, 161, 130, 82, 75], [9, 166, 179, 85, 183, 110, 89, 66], [10, 40, 42, 201, 94, 182, 213, 164, 214, 71, 111], [11, 31, 135, 148, 92, 158, 30, 25, 141], [12, 64, 197, 46, 192, 173, 43, 80, 119, 83, 198, 128], [13, 81, 150, 63, 121, 165, 87, 95], [14, 38, 49, 139, 211, 215, 116, 115, 149, 168, 93, 47], [15, 51, 190, 84, 105, 134, 113, 70, 193, 155, 208], [16, 39, 60, 104, 99, 50, 44, 191, 96, 129, 181], [17, 67, 152, 45, 171, 33, 59, 172, 188, 108, 124, 34, 78, 217], [18, 189, 153, 69, 175, 131, 187, 98, 48, 106, 61, 142], [19, 167, 122, 216, 143, 160, 88, 219]]
[7797.0, 5252.0, 3139.0, 2716.0, 5165.0, 4462.0, 3339.0, 5497.0, 5874.0, 5952.0, 6961.0, 2539.0, 4046.0, 2550.0, 3639.0, 5033.0, 3218.0, 5016.0, 2296.0, 6182.0]
90673.0
Improvement by SISRS: 
[[0, 180, 123, 37, 73, 204, 151, 136, 68, 200, 26], [1, 209, 79, 101, 199, 103, 210, 144, 23, 91, 177, 53, 114], [2, 76, 137, 102, 162, 195, 55, 140, 52, 184, 207, 127], [3, 163, 120, 138, 185, 54, 145, 90, 28, 20, 118, 72], [4, 77, 196, 22, 107, 27, 205, 146, 117, 176], [5, 24, 29, 212, 65, 147, 125, 186], [6, 174, 97, 132, 194, 32, 62, 21, 109, 86, 58, 126, 36], [7, 112, 74, 154, 203, 218, 56, 100, 157, 156, 202], [8, 133, 178, 57, 169, 41, 170, 35, 159, 206, 161, 130, 82, 75], [9, 166, 179, 85, 183, 110, 89, 66], [10, 40, 42, 201, 94, 182, 213, 164, 214, 71, 111], [11, 31, 135, 148, 92, 158, 30, 25, 141], [12, 64, 197, 46, 192, 173, 43, 80, 119, 83, 198, 128], [13, 81, 150, 63, 121, 165, 87, 95], [14, 38, 49, 139, 211, 215, 116, 115, 149, 168, 93, 47], [15, 51, 190, 84, 105, 134, 113, 70, 193, 155, 208], [16, 39, 60, 104, 99, 50, 44, 191, 96, 129, 181], [17, 67, 152, 45, 171, 33, 59, 172, 188, 108, 124, 34, 78, 217], [18, 189, 153, 69, 175, 131, 187, 98, 48, 106, 61, 142], [19, 167, 122, 216, 143, 160, 88, 219]]
[7797.0, 5252.0, 3139.0, 2716.0, 5165.0, 4462.0, 3339.0, 5497.0, 5874.0, 5952.0, 6961.0, 2539.0, 4046.0, 2550.0, 3639.0, 5033.0, 3218.0, 5016.0, 2296.0, 6182.0]
90673.0
Improvement by SISRS: 
[[0, 180, 123, 37, 73, 204, 151, 136, 68, 200, 26], [1, 209, 79, 101, 199, 103, 210, 144, 23, 91, 177, 53, 114], [2, 76, 137, 102, 162, 195, 55, 52, 140, 184, 207, 127], [3, 163, 120, 138, 185, 54, 145, 90, 28, 20, 118, 72], [4, 77, 196, 22, 107, 27, 205, 146, 117, 176], [5, 24, 29, 212, 65, 147, 125, 186], [6, 174, 97, 132, 194, 32, 62, 21, 109, 86, 58, 126, 36], [7, 112, 74, 154, 203, 218, 56, 100, 157, 156, 202], [8, 133, 178, 57, 169, 41, 170, 35, 159, 206, 161, 130, 82, 75], [9, 166, 179, 85, 183, 110, 89, 66], [10, 40, 42, 201, 94, 182, 213, 164, 214, 71, 111], [11, 31, 135, 148, 92, 25, 30, 158, 141], [12, 64, 197, 46, 192, 173, 43, 80, 119, 83, 198, 128], [13, 81, 150, 63, 121, 165, 87, 95], [14, 38, 49, 139, 211, 215, 116, 115, 149, 168, 93, 47], [15, 51, 190, 84, 105, 134, 113, 70, 193, 155, 208], [16, 39, 60, 104, 99, 50, 44, 191, 96, 129, 181], [17, 67, 152, 45, 171, 33, 59, 172, 188, 108, 124, 34, 78, 217], [18, 189, 153, 69, 175, 131, 187, 98, 48, 106, 61, 142], [19, 167, 122, 216, 143, 160, 88, 219]]
[7797.0, 5252.0, 3139.0, 2716.0, 5165.0, 4462.0, 3339.0, 5497.0, 5874.0, 5952.0, 6961.0, 2539.0, 4046.0, 2550.0, 3639.0, 5033.0, 3218.0, 5016.0, 2296.0, 6182.0]
90673.0
Improvement by SISRS: 
[[0, 180, 123, 37, 73, 204, 151, 136, 68, 200, 26], [1, 209, 79, 101, 199, 103, 210, 144, 23, 91], [2, 76, 137, 102, 162, 195, 55, 52, 140, 184, 207, 127], [3, 163, 120, 138, 185, 54, 145, 90, 28, 20, 118, 72], [4, 77, 196, 22, 107, 27, 205, 146, 117, 176], [5, 24, 29, 212, 65, 147, 125, 186, 53, 114, 177], [6, 174, 97, 132, 194, 32, 62, 21, 109, 86, 58, 126, 36], [7, 112, 74, 154, 203, 218, 56, 100, 157, 156, 202], [8, 133, 178, 57, 169, 41, 170, 35, 159, 206, 161, 130, 82, 75], [9, 166, 179, 85, 183, 110, 89, 66], [10, 40, 42, 201, 94, 182, 213, 164, 214, 71, 111], [11, 31, 135, 148, 92, 158, 30, 25, 141], [12, 64, 197, 46, 192, 173, 43, 80, 119, 83, 198, 128], [13, 81, 150, 63, 121, 165, 87, 95], [14, 38, 49, 139, 211, 215, 116, 115, 149, 168, 93, 47], [15, 51, 190, 84, 105, 134, 113, 70, 193, 155, 208], [16, 39, 60, 104, 99, 50, 44, 191, 96, 129, 181], [17, 67, 152, 45, 171, 33, 59, 172, 188, 108, 124, 34, 78, 217], [18, 189, 153, 69, 175, 131, 187, 98, 48, 106, 61, 142], [19, 167, 122, 216, 143, 160, 88, 219]]
[7797.0, 4751.0, 3139.0, 2716.0, 5165.0, 4909.0, 3339.0, 5497.0, 5874.0, 5952.0, 6961.0, 2539.0, 4046.0, 2550.0, 3639.0, 5033.0, 3218.0, 5016.0, 2296.0, 6182.0]
90619.0
Improvement by SISRS: 
[[0, 180, 123, 37, 73, 204, 151, 136, 68, 200, 26], [1, 24, 29, 212, 65, 147, 125, 186, 53, 114], [2, 76, 137, 102, 162, 195, 55, 52, 140, 184, 207, 127], [3, 163, 120, 138, 185, 54, 145, 90, 28, 20, 118, 72], [4, 77, 196, 22, 107, 27, 205, 146, 117, 176], [5, 209, 79, 101, 199, 103, 210, 144, 23, 91, 177], [6, 174, 97, 132, 194, 32, 62, 21, 109, 86, 58, 126, 36], [7, 112, 74, 154, 203, 218, 56, 100, 157, 156, 202], [8, 133, 178, 57, 169, 41, 170, 35, 159, 206, 161, 130, 82, 75], [9, 166, 179, 85, 183, 110, 89, 66], [10, 40, 42, 201, 94, 182, 213, 164, 214, 71, 111], [11, 31, 135, 148, 92, 158, 30, 25, 141], [12, 64, 197, 46, 192, 173, 43, 80, 119, 83, 198, 128], [13, 81, 150, 63, 121, 165, 87, 95], [14, 38, 49, 139, 211, 215, 116, 115, 149, 168, 93, 47], [15, 51, 190, 84, 105, 134, 113, 70, 193, 155, 208], [16, 39, 60, 104, 99, 50, 44, 191, 96, 129, 181], [17, 67, 152, 45, 171, 33, 59, 172, 188, 108, 124, 34, 78, 217], [18, 189, 153, 69, 175, 131, 187, 98, 48, 106, 61, 142], [19, 167, 122, 216, 143, 160, 88, 219]]
[7797.0, 1561.0, 3139.0, 2716.0, 5165.0, 7844.0, 3339.0, 5497.0, 5874.0, 5952.0, 6961.0, 2539.0, 4046.0, 2550.0, 3639.0, 5033.0, 3218.0, 5016.0, 2296.0, 6182.0]
90364.0
Improvement by SISRS: 
[[0, 180, 123, 37, 73, 204, 151, 136, 68, 200, 26], [1, 24, 29, 212, 65, 147, 125, 186, 53, 114], [2, 76, 137, 102, 162, 195, 55, 52, 184, 207], [3, 163, 120, 138, 185, 54, 145, 90, 28, 20, 118, 72], [4, 77, 196, 22, 107, 27, 205, 146, 117, 176], [5, 209, 79, 101, 199, 103, 210, 144, 23, 91, 140, 127, 177], [6, 174, 97, 132, 194, 32, 62, 21, 109, 86, 58, 126, 36], [7, 112, 74, 154, 203, 218, 56, 100, 157, 156, 202], [8, 133, 178, 57, 169, 41, 170, 35, 159, 206, 161, 130, 82, 75], [9, 166, 179, 85, 183, 110, 89, 66], [10, 40, 42, 201, 94, 182, 213, 164, 214, 71, 111], [11, 31, 135, 148, 92, 158, 30, 25, 141], [12, 64, 197, 46, 192, 173, 43, 80, 119, 83, 198, 128], [13, 81, 150, 63, 121, 165, 87, 95], [14, 38, 49, 139, 211, 215, 116, 115, 33, 217, 34], [15, 51, 190, 84, 105, 134, 113, 70, 193, 155, 208], [16, 39, 60, 104, 99, 50, 44, 191, 96, 129, 181], [17, 67, 152, 45, 171, 59, 172, 188, 108, 124, 78, 149, 47, 93, 168], [18, 189, 153, 69, 175, 131, 187, 98, 48, 106, 61, 142], [19, 167, 122, 216, 143, 160, 88, 219]]
[7797.0, 1561.0, 2874.0, 2716.0, 5165.0, 8104.0, 3339.0, 5497.0, 5874.0, 5952.0, 6961.0, 2539.0, 4046.0, 2550.0, 3538.0, 5033.0, 3218.0, 5343.0, 2296.0, 6182.0]
90585.0
Improvement by SISRS, iterations: 10000, T_0 = 100 : 
[[0, 180, 123, 37, 73, 204, 151, 136, 68, 200, 26], [1, 209, 79, 101, 199, 103, 210, 144, 23, 91], [2, 76, 137, 102, 162, 195, 55, 140, 52, 184, 207, 127], [3, 163, 120, 138, 185, 54, 145, 90, 28, 20, 118, 72], [4, 77, 196, 22, 107, 27, 205, 146, 117, 176], [5, 24, 29, 212, 65, 147, 125, 186, 53, 114, 177], [6, 174, 97, 132, 194, 32, 62, 21, 109, 86, 58, 126, 36], [7, 112, 74, 154, 203, 218, 56, 100, 157, 156, 202], [8, 133, 178, 57, 169, 41, 170, 35, 159, 206, 161, 130, 82, 75], [9, 166, 179, 85, 183, 110, 89, 66], [10, 40, 42, 201, 94, 182, 213, 164, 214, 71, 111], [11, 31, 135, 148, 92, 25, 30, 158, 141], [12, 64, 197, 46, 192, 173, 43, 80, 119, 83, 198, 128], [13, 81, 150, 63, 121, 165, 87, 95], [14, 38, 49, 139, 211, 215, 116, 115, 149, 168, 93, 47], [15, 51, 190, 84, 105, 134, 113, 70, 193, 155, 208], [16, 39, 60, 104, 99, 50, 44, 191, 96, 129, 181], [17, 67, 152, 45, 171, 33, 59, 172, 188, 108, 124, 34, 78, 217], [18, 189, 153, 69, 175, 131, 187, 98, 48, 106, 61, 142], [19, 167, 122, 216, 143, 160, 88, 219]]
[7797.0, 4751.0, 3139.0, 2716.0, 5165.0, 4909.0, 3339.0, 5497.0, 5874.0, 5952.0, 6961.0, 2539.0, 4046.0, 2550.0, 3639.0, 5033.0, 3218.0, 5016.0, 2296.0, 6182.0]
90619.0
Improvement by SISRS, iterations: 100000, T_0 = 100 : 
[[0, 180, 123, 37, 73, 204, 151, 136, 68, 200, 26], [1, 209, 79, 101, 199, 103, 210, 144, 23, 91], [2, 76, 137, 102, 162, 195, 55, 140, 52, 184, 207, 127], [3, 163, 120, 138, 185, 54, 145, 90, 28, 20, 118, 72], [4, 77, 196, 22, 107, 27, 205, 146, 117, 176], [5, 24, 29, 212, 65, 147, 125, 186, 53, 114, 177], [6, 174, 97, 132, 194, 32, 62, 21, 109, 86, 58, 126, 36], [7, 112, 74, 154, 203, 218, 56, 100, 157, 156, 202], [8, 133, 178, 57, 169, 41, 170, 35, 159, 206, 161, 130, 82, 75], [9, 166, 179, 85, 183, 110, 89, 66], [10, 40, 42, 201, 94, 182, 213, 164, 214, 71, 111], [11, 31, 135, 148, 92, 158, 30, 25, 141], [12, 64, 197, 46, 192, 173, 43, 80, 119, 83, 198, 128], [13, 81, 150, 63, 121, 165, 87, 95], [14, 38, 49, 139, 211, 215, 116, 115, 149, 168, 93, 47], [15, 51, 190, 84, 105, 134, 113, 70, 193, 155, 208], [16, 39, 60, 104, 99, 50, 44, 191, 96, 129, 181], [17, 67, 152, 45, 171, 33, 59, 172, 188, 108, 124, 34, 78, 217], [18, 189, 153, 69, 175, 131, 187, 98, 48, 106, 61, 142], [19, 167, 122, 216, 143, 160, 88, 219]]
[7797.0, 4751.0, 3139.0, 2716.0, 5165.0, 4909.0, 3339.0, 5497.0, 5874.0, 5952.0, 6961.0, 2539.0, 4046.0, 2550.0, 3639.0, 5033.0, 3218.0, 5016.0, 2296.0, 6182.0]
90619.0
Improvement by SISRS, iterations: 1000, T_0 = 100 : 
[[0, 180, 123, 37, 73, 204, 151, 136, 68, 200, 26], [1, 209, 79, 101, 199, 103, 210, 144, 23, 91], [2, 76, 137, 102, 162, 195, 55, 140, 52, 184, 207, 127], [3, 163, 120, 138, 185, 54, 145, 90, 28, 20, 118, 72], [4, 77, 196, 22, 107, 27, 205, 146, 117, 176], [5, 24, 29, 212, 65, 147, 125, 186, 53, 114, 177], [6, 174, 97, 132, 194, 32, 62, 21, 109, 86, 58, 126, 36], [7, 112, 74, 154, 203, 218, 56, 100, 157, 156, 202], [8, 133, 178, 57, 169, 41, 170, 35, 159, 206, 161, 130, 82, 75], [9, 166, 179, 85, 183, 110, 89, 66], [10, 40, 42, 201, 94, 182, 213, 164, 214, 71, 111], [11, 31, 135, 148, 92, 158, 30, 25, 141], [12, 64, 197, 46, 192, 173, 43, 80, 119, 83, 198, 128], [13, 81, 150, 63, 121, 165, 87, 95], [14, 38, 49, 139, 211, 215, 116, 115, 149, 168, 93, 47], [15, 51, 190, 84, 105, 134, 113, 70, 193, 155, 208], [16, 39, 60, 104, 99, 50, 44, 191, 96, 129, 181], [17, 67, 152, 45, 171, 33, 59, 172, 188, 108, 124, 34, 78, 217], [18, 189, 153, 69, 175, 131, 187, 98, 48, 106, 61, 142], [19, 167, 122, 216, 143, 160, 88, 219]]
[7797.0, 4751.0, 3139.0, 2716.0, 5165.0, 4909.0, 3339.0, 5497.0, 5874.0, 5952.0, 6961.0, 2539.0, 4046.0, 2550.0, 3639.0, 5033.0, 3218.0, 5016.0, 2296.0, 6182.0]
90619.0
Improvement by SISRS, iterations: 10000, T_0 = 10000 : 
[[0, 180, 123, 37, 73, 204, 151, 136, 68, 200, 26], [1, 24, 29, 212, 65, 147, 125, 186, 53, 114], [2, 76, 137, 102, 162, 195, 55, 140, 52, 184, 207, 127], [3, 163, 120, 138, 185, 54, 145, 90, 28, 20, 118, 72], [4, 77, 196, 22, 107, 27, 205, 146, 117, 176], [5, 209, 79, 101, 199, 103, 210, 144, 23, 91, 177], [6, 174, 97, 132, 194, 32, 62, 21, 109, 86, 58, 126, 36], [7, 112, 74, 154, 203, 218, 56, 100, 157, 156, 202], [8, 133, 178, 57, 169, 41, 170, 35, 159, 206, 161, 130, 82, 75], [9, 166, 179, 85, 183, 110, 89, 66], [10, 40, 42, 201, 94, 182, 213, 164, 214, 71, 111], [11, 31, 135, 148, 92, 158, 30, 25, 141], [12, 64, 197, 46, 192, 173, 43, 80, 119, 83, 198, 128], [13, 81, 150, 63, 121, 165, 87, 95], [14, 38, 49, 139, 211, 215, 116, 115, 149, 33, 217, 78], [15, 51, 190, 84, 105, 134, 113, 70, 193, 155, 208], [16, 39, 60, 104, 99, 50, 44, 191, 96, 129, 181], [17, 67, 152, 45, 171, 59, 172, 188, 108, 124, 34, 47, 93, 168], [18, 189, 153, 69, 175, 131, 187, 98, 48, 106, 61, 142], [19, 167, 122, 216, 143, 160, 88, 219]]
[7797.0, 1561.0, 3139.0, 2716.0, 5165.0, 7844.0, 3339.0, 5497.0, 5874.0, 5952.0, 6961.0, 2539.0, 4046.0, 2550.0, 3454.0, 5033.0, 3218.0, 5441.0, 2296.0, 6182.0]
90604.0
Improvement by SISRS, iterations: 10000, T_0 = 100 : 
[[0, 180, 123, 37, 73, 204, 151, 136, 68, 200, 26], [1, 209, 79, 101, 199, 103, 210, 144, 23, 91], [2, 76, 137, 102, 162, 195, 55, 140, 52, 184, 207, 127], [3, 163, 120, 138, 185, 54, 145, 90, 28, 20, 118, 72], [4, 77, 196, 22, 107, 27, 205, 146, 117, 176], [5, 24, 29, 212, 65, 147, 125, 186, 53, 114, 177], [6, 174, 97, 132, 194, 32, 62, 21, 109, 86, 58, 126, 36], [7, 112, 74, 154, 203, 218, 56, 100, 157, 156, 202], [8, 133, 178, 57, 169, 41, 170, 35, 159, 206, 161, 130, 82, 75], [9, 166, 179, 85, 183, 110, 89, 66], [10, 40, 42, 201, 94, 182, 213, 164, 214, 71, 111], [11, 31, 135, 148, 92, 25, 30, 158, 141], [12, 64, 197, 46, 192, 173, 43, 80, 119, 83, 198, 128], [13, 81, 150, 63, 121, 165, 87, 95], [14, 38, 49, 139, 211, 215, 116, 115, 149, 168, 93, 47], [15, 51, 190, 84, 105, 134, 113, 70, 193, 155, 208], [16, 39, 60, 104, 99, 50, 44, 191, 96, 129, 181], [17, 67, 152, 45, 171, 33, 59, 172, 188, 108, 124, 34, 78, 217], [18, 189, 153, 69, 175, 131, 187, 98, 48, 106, 61, 142], [19, 167, 122, 216, 143, 160, 88, 219]]
[7797.0, 4751.0, 3139.0, 2716.0, 5165.0, 4909.0, 3339.0, 5497.0, 5874.0, 5952.0, 6961.0, 2539.0, 4046.0, 2550.0, 3639.0, 5033.0, 3218.0, 5016.0, 2296.0, 6182.0]
90619.0
