119205.0
[6184.0, 3966.0, 4918.0, 7980.0, 3903.0, 5005.0, 1086.0, 3701.0, 3602.0, 5181.0, 5133.0, 6459.0, 4094.0, 12079.0, 9365.0, 4648.0, 4716.0, 5238.0, 12148.0, 9799.0]
Improvement by exact: 
[[0], [1, 24, 29, 125, 147, 65, 212, 144, 140, 184, 177, 114], [2, 199, 101, 23, 91, 102, 76], [3, 112, 196, 22, 107, 27, 205, 73, 151], [4, 77, 180, 123, 37, 117, 176], [5, 158, 92, 135, 31, 30, 25, 141], [6, 86, 194, 174, 97, 58], [7, 120, 163, 185, 145, 90, 28, 20, 118], [8, 63, 121, 165, 87, 150], [9, 179, 66, 110, 183, 85, 166], [10, 178, 130, 206, 159, 169, 57], [11, 148, 198, 83, 46, 192, 173, 43, 80], [12, 39, 60, 104, 99, 50, 44, 129, 181], [13, 64, 132, 162, 195, 52, 207, 127, 137, 119], [14, 218, 74, 154, 203, 82, 170, 35, 161, 75], [15, 51, 84, 105, 134, 113, 190, 155], [16, 167, 122, 216, 160, 88, 219], [17, 69, 153, 189, 188, 171, 59, 172, 217], [18, 81, 202, 156, 100, 56, 157, 98, 142], [19, 42, 201, 182, 94, 111, 214, 164, 213, 71]]
[0.0, 3966.0, 4918.0, 7980.0, 3903.0, 5005.0, 1086.0, 3701.0, 3602.0, 5181.0, 5133.0, 6459.0, 4094.0, 12079.0, 9365.0, 4648.0, 4716.0, 5238.0, 12148.0, 9799.0]
113021.0
Improvement by exact: 
[[0, 200, 68, 136, 204, 26], [1], [2, 199, 101, 23, 91, 102, 76], [3, 112, 196, 22, 107, 27, 205, 73, 151], [4, 77, 180, 123, 37, 117, 176], [5, 158, 92, 135, 31, 30, 25, 141], [6, 86, 194, 174, 97, 58], [7, 120, 163, 185, 145, 90, 28, 20, 118], [8, 63, 121, 165, 87, 150], [9, 179, 66, 110, 183, 85, 166], [10, 178, 130, 206, 159, 169, 57], [11, 148, 198, 83, 46, 192, 173, 43, 80], [12, 39, 60, 104, 99, 50, 44, 129, 181], [13, 64, 132, 162, 195, 52, 207, 127, 137, 119], [14, 218, 74, 154, 203, 82, 170, 35, 161, 75], [15, 51, 84, 105, 134, 113, 190, 155], [16, 167, 122, 216, 160, 88, 219], [17, 69, 153, 189, 188, 171, 59, 172, 217], [18, 81, 202, 156, 100, 56, 157, 98, 142], [19, 42, 201, 182, 94, 111, 214, 164, 213, 71]]
[6184.0, 0.0, 4918.0, 7980.0, 3903.0, 5005.0, 1086.0, 3701.0, 3602.0, 5181.0, 5133.0, 6459.0, 4094.0, 12079.0, 9365.0, 4648.0, 4716.0, 5238.0, 12148.0, 9799.0]
115239.0
Improvement by exact: 
[[0, 200, 68, 136, 204, 26], [1, 24, 29, 125, 147, 65, 212, 144, 140, 184, 177, 114], [2], [3, 112, 196, 22, 107, 27, 205, 73, 151], [4, 77, 180, 123, 37, 117, 176], [5, 158, 92, 135, 31, 30, 25, 141], [6, 86, 194, 174, 97, 58], [7, 120, 163, 185, 145, 90, 28, 20, 118], [8, 63, 121, 165, 87, 150], [9, 179, 66, 110, 183, 85, 166], [10, 178, 130, 206, 159, 169, 57], [11, 148, 198, 83, 46, 192, 173, 43, 80], [12, 39, 60, 104, 99, 50, 44, 129, 181], [13, 64, 132, 162, 195, 52, 207, 127, 137, 119], [14, 218, 74, 154, 203, 82, 170, 35, 161, 75], [15, 51, 84, 105, 134, 113, 190, 155], [16, 167, 122, 216, 160, 88, 219], [17, 69, 153, 189, 188, 171, 59, 172, 217], [18, 81, 202, 156, 100, 56, 157, 98, 142], [19, 42, 201, 182, 94, 111, 214, 164, 213, 71]]
[6184.0, 3966.0, 0.0, 7980.0, 3903.0, 5005.0, 1086.0, 3701.0, 3602.0, 5181.0, 5133.0, 6459.0, 4094.0, 12079.0, 9365.0, 4648.0, 4716.0, 5238.0, 12148.0, 9799.0]
114287.0
Improvement by exact: 
[[0, 200, 68, 136, 204, 26], [1, 24, 29, 125, 147, 65, 212, 144, 140, 184, 177, 114], [2, 199, 101, 23, 91, 102, 76], [3], [4, 77, 180, 123, 37, 117, 176], [5, 158, 92, 135, 31, 30, 25, 141], [6, 86, 194, 174, 97, 58], [7, 120, 163, 185, 145, 90, 28, 20, 118], [8, 63, 121, 165, 87, 150], [9, 179, 66, 110, 183, 85, 166], [10, 178, 130, 206, 159, 169, 57], [11, 148, 198, 83, 46, 192, 173, 43, 80], [12, 39, 60, 104, 99, 50, 44, 129, 181], [13, 64, 132, 162, 195, 52, 207, 127, 137, 119], [14, 218, 74, 154, 203, 82, 170, 35, 161, 75], [15, 51, 84, 105, 134, 113, 190, 155], [16, 167, 122, 216, 160, 88, 219], [17, 69, 153, 189, 188, 171, 59, 172, 217], [18, 81, 202, 156, 100, 56, 157, 98, 142], [19, 42, 201, 182, 94, 111, 214, 164, 213, 71]]
[6184.0, 3966.0, 4918.0, 0.0, 3903.0, 5005.0, 1086.0, 3701.0, 3602.0, 5181.0, 5133.0, 6459.0, 4094.0, 12079.0, 9365.0, 4648.0, 4716.0, 5238.0, 12148.0, 9799.0]
111225.0
Improvement by combi: 
[[0, 200, 68, 136, 204, 26], [1, 24, 29, 125, 147, 65, 212, 144, 140, 184, 177, 114], [2, 199, 101, 23, 91, 102, 76], [3, 112, 196, 22, 107, 27, 205, 73, 151], [4, 77, 180, 123, 37, 117, 176], [5, 158, 92, 135, 31, 30, 25, 141], [6, 86, 194, 174, 97, 58], [7, 120, 163, 185, 145, 90, 28, 20, 118], [8, 63, 121, 165, 87, 150], [9, 179, 66, 110, 183, 85, 166], [10, 178, 130, 206, 159, 169, 57], [11, 64, 128, 197, 46, 83, 173, 43, 80], [12, 39, 60, 104, 99, 50, 44, 129, 181], [13, 132, 162, 195, 52, 207, 127, 137, 119], [14, 218, 74, 154, 203, 82, 170, 35, 161, 75], [15, 51, 84, 105, 134, 113, 190, 155], [16, 167, 122, 216, 160, 88, 219], [17, 69, 153, 189, 188, 171, 59, 172, 217], [18, 81, 202, 156, 100, 56, 157, 98, 142], [19, 42, 201, 182, 94, 111, 214, 164, 213, 71]]
[6184.0, 3966.0, 4918.0, 7980.0, 3903.0, 5005.0, 1086.0, 3701.0, 3602.0, 5181.0, 5133.0, 6786.0, 4094.0, 11665.0, 9365.0, 4648.0, 4716.0, 5238.0, 12148.0, 9799.0]
119118.0
