90639.0
[7797.0, 1561.0, 5745.0, 2716.0, 5014.0, 5626.0, 3212.0, 6411.0, 5874.0, 10147.0, 6961.0, 3729.0, 4046.0, 2550.0, 3639.0, 5081.0, 3218.0, 5016.0, 2296.0, 0.0]
Improvement by exact: 
[[0, 180, 123, 37, 73, 204, 151, 136, 68, 200, 26], [1, 24, 29, 212, 65, 147, 125, 186, 53, 114], [2, 76, 102, 79, 101, 199, 103, 210, 144, 23, 91, 184, 207], [3, 163, 120, 138, 185, 54, 145, 90, 28, 20, 118, 72], [4, 196, 22, 107, 27, 205, 146, 117, 176], [5, 209, 137, 162, 195, 55, 52, 140, 127, 177], [6, 97, 174, 132, 194, 32, 62, 21, 109, 86, 58, 126, 36], [7, 112, 74, 154, 77, 203, 218, 56, 100, 157, 156, 202], [8, 133, 178, 57, 169, 41, 170, 35, 159, 206, 161, 130, 82, 75], [9, 166, 179, 51, 190, 84, 105, 134, 113, 70, 193, 155, 208], [10, 40, 42, 201, 94, 182, 213, 164, 214, 71, 111], [11, 92, 135, 31, 183, 85, 66, 148, 30, 25, 141, 158], [12, 64, 197, 46, 192, 173, 43, 80, 119, 83, 198, 128], [13, 81, 150, 63, 121, 165, 87, 95], [14, 38, 49, 139, 211, 215, 116, 115, 149, 168, 93, 47], [15, 167, 122, 216, 143, 160, 88, 219, 110, 89], [16, 39, 60, 104, 99, 50, 44, 191, 96, 129, 181], [17, 67, 152, 45, 33, 171, 59, 172, 188, 108, 124, 34, 78, 217], [18, 189, 153, 69, 175, 131, 187, 98, 48, 106, 61, 142], [19]]
[7797.0, 1561.0, 5745.0, 2716.0, 5014.0, 5626.0, 3212.0, 6411.0, 5874.0, 10147.0, 6961.0, 3729.0, 4046.0, 2550.0, 3639.0, 5081.0, 3218.0, 4872.0, 2296.0, 0.0]
90495.0
Improvement by exact: 
[[0, 180, 123, 37, 73, 204, 151, 136, 68, 200, 26], [1, 24, 29, 212, 65, 147, 125, 186, 53, 114], [2, 76, 102, 79, 101, 199, 103, 210, 144, 23, 91, 184, 207], [3, 163, 120, 138, 185, 54, 145, 90, 28, 20, 118, 72], [4, 196, 22, 107, 27, 205, 146, 117, 176], [5, 209, 137, 162, 195, 55, 52, 140, 127, 177], [6, 97, 174, 132, 194, 32, 62, 21, 109, 86, 58, 126, 36], [7, 112, 74, 154, 77, 203, 218, 56, 100, 157, 156, 202], [8, 133, 178, 57, 169, 41, 170, 35, 159, 206, 161, 130, 82, 75], [9, 166, 179, 51, 190, 84, 105, 134, 113, 70, 193, 155, 208], [10, 40, 42, 201, 94, 182, 213, 164, 214, 71, 111], [11, 92, 135, 31, 183, 85, 66, 148, 30, 25, 141, 158], [12, 64, 197, 46, 192, 173, 43, 80, 119, 83, 198, 128], [13, 81, 150, 63, 121, 165, 87, 95], [14, 38, 49, 139, 211, 215, 116, 115, 149, 168, 93, 47], [15, 167, 122, 216, 143, 160, 88, 219, 110, 89], [16, 39, 60, 104, 99, 50, 44, 191, 96, 129, 181], [17, 67, 152, 45, 33, 171, 59, 172, 188, 108, 124, 34, 78, 217], [18, 189, 153, 69, 175, 131, 187, 98, 48, 106, 61, 142], [19]]
[7797.0, 1561.0, 5745.0, 2716.0, 5014.0, 5626.0, 3212.0, 6411.0, 5874.0, 10147.0, 6961.0, 3729.0, 4046.0, 2550.0, 3639.0, 5081.0, 3218.0, 4872.0, 2296.0, 0.0]
90495.0
