92184.0
[5958.0, 2447.0, 3139.0, 6538.0, 6815.0, 5220.0, 3212.0, 4389.0, 4413.0, 9273.0, 6364.0, 2902.0, 4046.0, 2550.0, 3608.0, 3256.0, 3218.0, 2296.0, 4137.0, 8403.0]
Improvement by SISRS: 
[[0, 79, 101, 199, 103, 210, 144, 23, 91], [1, 209, 24, 29, 212, 65, 147, 125, 186, 53, 177, 114], [2, 76, 137, 102, 162, 195, 55, 52, 140, 184, 207, 127], [3, 112, 74, 154, 203, 218, 56, 100, 157, 156, 202], [4, 77, 180, 123, 37, 204, 151, 26, 200, 136, 68], [5, 148, 30, 25, 92, 158, 141], [6, 97, 174, 132, 194, 32, 62, 21, 109, 86, 58, 126, 36], [7, 120, 163, 138, 185, 54, 145, 90, 28, 20, 118, 72], [8, 133, 196, 22, 107, 27, 73, 205, 146, 117, 176, 82, 75], [9, 51, 190, 84, 105, 134, 113, 70, 193, 155, 208], [10, 57, 41, 169, 178, 170, 35, 159, 206, 161, 130], [11, 135, 31, 183, 85, 166, 179, 66, 110, 89], [12, 64, 197, 46, 192, 173, 43, 80, 119, 83, 198, 128], [13, 81, 150, 63, 121, 165, 87, 95], [14, 211, 38, 49, 139, 215, 116, 115, 149, 168, 93, 47], [15, 167, 122, 216, 143, 160, 88, 219], [16, 39, 60, 104, 99, 50, 44, 191, 96, 129, 181], [17, 40, 42, 201, 94, 182, 213, 164, 214, 71, 111], [18, 189, 153, 69, 175, 131, 187, 98, 48, 106, 61, 142], [19, 67, 152, 45, 33, 171, 59, 172, 188, 108, 124, 34, 78, 217]]
[5958.0, 2447.0, 3139.0, 3936.0, 4530.0, 4400.0, 3212.0, 4389.0, 8688.0, 9273.0, 6027.0, 3464.0, 4046.0, 2550.0, 3608.0, 3256.0, 3218.0, 4137.0, 2296.0, 8403.0]
90977.0
Improvement by SISRS: 
[[0, 79, 101, 199, 103, 210, 144, 23, 91], [1, 209, 24, 29, 212, 65, 147, 125, 186, 53, 177, 114], [2, 76, 137, 102, 162, 195, 55, 140, 52, 184, 207, 127], [3, 112, 74, 77, 180, 123, 204, 151, 26, 200, 136, 68], [4, 37, 73, 196, 22, 107, 27, 205, 146, 117, 176, 82, 75], [5, 148, 30, 25, 92, 158, 141], [6, 97, 174, 132, 194, 32, 62, 21, 109, 86, 58, 126, 36], [7, 120, 163, 138, 185, 54, 145, 90, 28, 20, 118, 72], [8, 203, 154, 56, 218, 100, 202, 156, 157], [9, 51, 190, 84, 105, 134, 113, 70, 193, 155, 208], [10, 57, 169, 41, 178, 133, 170, 35, 159, 206, 161, 130], [11, 135, 31, 183, 85, 166, 179, 66, 110, 89], [12, 64, 197, 46, 192, 173, 43, 80, 119, 83, 198, 128], [13, 81, 150, 63, 121, 165, 87, 95], [14, 211, 38, 49, 139, 215, 116, 115, 149, 168, 93, 47], [15, 167, 122, 216, 143, 160, 88, 219], [16, 39, 60, 104, 99, 50, 44, 191, 96, 129, 181], [17, 189, 153, 69, 175, 131, 187, 98, 48, 106, 61, 142], [18, 40, 42, 201, 94, 182, 213, 164, 214, 71, 111], [19, 67, 152, 45, 33, 171, 59, 172, 188, 108, 124, 34, 78, 217]]
[5958.0, 2447.0, 3139.0, 6538.0, 6815.0, 4400.0, 3212.0, 4389.0, 4454.0, 9273.0, 6364.0, 3464.0, 4046.0, 2550.0, 3608.0, 3256.0, 3218.0, 2296.0, 4137.0, 8403.0]
91967.0
Improvement by SISRS, iterations: 10000, T_0 = 10000 : 
[[0, 79, 101, 199, 103, 210, 144, 23, 91], [1, 209, 24, 29, 212, 65, 147, 125, 186, 53, 177, 114], [2, 76, 137, 102, 162, 195, 55, 140, 52, 184, 207, 127], [3, 112, 74, 154, 203, 218, 56, 100, 157, 156, 202], [4, 77, 180, 123, 37, 204, 151, 26, 200, 136, 68], [5, 148, 30, 25, 92, 158, 141], [6, 97, 174, 132, 194, 32, 62, 21, 109, 86, 58, 126, 36], [7, 120, 163, 138, 185, 54, 145, 90, 28, 20, 118, 72], [8, 133, 196, 22, 107, 27, 73, 205, 146, 117, 176, 82, 75], [9, 51, 190, 84, 105, 134, 113, 70, 193, 155, 208], [10, 57, 41, 169, 178, 170, 35, 159, 206, 161, 130], [11, 135, 31, 183, 85, 166, 179, 66, 110, 89], [12, 64, 197, 46, 192, 173, 43, 80, 119, 83, 198, 128], [13, 81, 150, 63, 121, 165, 87, 95], [14, 211, 38, 49, 139, 215, 116, 115, 149, 168, 93, 47], [15, 167, 122, 216, 143, 160, 88, 219], [16, 39, 60, 104, 99, 50, 44, 191, 96, 129, 181], [17, 189, 153, 69, 175, 131, 187, 98, 48, 106, 61, 142], [18, 40, 42, 201, 94, 182, 213, 164, 214, 71, 111], [19, 67, 152, 45, 33, 171, 59, 172, 188, 108, 124, 34, 78, 217]]
[5958.0, 2447.0, 3139.0, 3936.0, 4530.0, 4400.0, 3212.0, 4389.0, 8688.0, 9273.0, 6027.0, 3464.0, 4046.0, 2550.0, 3608.0, 3256.0, 3218.0, 2296.0, 4137.0, 8403.0]
90977.0
Improvement by SISRS, iterations: 10000, T_0 = 100 : 
[[0, 79, 101, 199, 103, 210, 144, 23, 91], [1, 209, 24, 29, 212, 65, 147, 125, 186, 53, 177, 114], [2, 76, 137, 102, 162, 195, 55, 140, 52, 184, 207, 127], [3, 112, 74, 77, 180, 123, 204, 151, 26, 200, 136, 68], [4, 37, 73, 196, 22, 107, 27, 205, 146, 117, 176, 82, 75], [5, 148, 30, 25, 92, 158, 141], [6, 97, 174, 132, 194, 32, 62, 21, 109, 86, 58, 126, 36], [7, 120, 163, 138, 185, 54, 145, 90, 28, 20, 118, 72], [8, 203, 154, 56, 218, 157, 100, 156, 202], [9, 51, 190, 84, 105, 134, 113, 70, 193, 155, 208], [10, 57, 169, 41, 178, 133, 170, 35, 159, 206, 161, 130], [11, 135, 31, 183, 85, 166, 179, 66, 110, 89], [12, 64, 197, 46, 192, 173, 43, 80, 119, 83, 198, 128], [13, 81, 150, 63, 121, 165, 87, 95], [14, 211, 38, 49, 139, 215, 116, 115, 149, 168, 93, 47], [15, 167, 122, 216, 143, 160, 88, 219], [16, 39, 60, 104, 99, 50, 44, 191, 96, 129, 181], [17, 189, 153, 69, 175, 131, 187, 98, 48, 106, 61, 142], [18, 40, 42, 201, 94, 182, 213, 164, 214, 71, 111], [19, 67, 152, 45, 33, 171, 59, 172, 188, 108, 124, 34, 78, 217]]
[5958.0, 2447.0, 3139.0, 6538.0, 6815.0, 4400.0, 3212.0, 4389.0, 4413.0, 9273.0, 6364.0, 3464.0, 4046.0, 2550.0, 3608.0, 3256.0, 3218.0, 2296.0, 4137.0, 8403.0]
91926.0
Improvement by SISRS, iterations: 100000, T_0 = 10000 : 
[[0, 79, 101, 199, 103, 210, 144, 23, 91], [1, 209, 24, 29, 212, 65, 147, 125, 186, 53, 177, 114], [2, 76, 137, 102, 162, 195, 55, 52, 140, 184, 207, 127], [3, 163, 120, 138, 185, 54, 145, 90, 28, 20, 118, 72], [4, 77, 180, 123, 37, 204, 151, 26, 200, 136, 68], [5, 148, 30, 25, 92, 158, 141], [6, 97, 174, 132, 194, 32, 62, 21, 109, 86, 58, 126, 36], [7, 112, 74, 154, 203, 218, 56, 100, 157, 156, 202], [8, 133, 196, 22, 107, 27, 73, 205, 146, 117, 176, 82, 75], [9, 51, 190, 84, 105, 134, 113, 70, 193, 155, 208], [10, 57, 41, 169, 178, 170, 35, 159, 206, 161, 130], [11, 135, 31, 183, 85, 166, 179, 66, 110, 89], [12, 64, 197, 46, 192, 173, 43, 80, 119, 83, 198, 128], [13, 81, 150, 63, 121, 165, 87, 95], [14, 211, 38, 49, 139, 215, 116, 115, 149, 168, 93, 47], [15, 167, 122, 216, 143, 160, 88, 219], [16, 39, 60, 104, 99, 50, 44, 191, 96, 129, 181], [17, 67, 152, 45, 33, 171, 59, 172, 188, 108, 124, 34, 78, 217], [18, 40, 42, 201, 94, 182, 213, 164, 214, 71, 111], [19, 69, 189, 153, 175, 131, 187, 98, 48, 106, 61, 142]]
[5958.0, 2447.0, 3139.0, 2716.0, 4530.0, 4400.0, 3212.0, 5497.0, 8688.0, 9273.0, 6027.0, 3464.0, 4046.0, 2550.0, 3608.0, 3256.0, 3218.0, 4255.0, 4137.0, 7036.0]
91457.0
Improvement by SISRS, iterations: 100000, T_0 = 100 : 
[[0, 79, 101, 199, 103, 210, 144, 23, 91], [1, 209, 24, 29, 212, 65, 147, 125, 186, 53, 177, 114], [2, 76, 137, 102, 162, 195, 55, 52, 140, 184, 207, 127], [3, 112, 74, 77, 180, 123, 204, 151, 26, 200, 136, 68], [4, 37, 73, 196, 22, 107, 27, 205, 146, 117, 176, 82, 75], [5, 148, 30, 25, 92, 158, 141], [6, 97, 174, 132, 194, 32, 62, 21, 109, 86, 58, 126, 36], [7, 120, 163, 138, 185, 54, 145, 90, 28, 20, 118, 72], [8, 203, 154, 56, 218, 157, 100, 156, 202], [9, 51, 190, 84, 105, 134, 113, 70, 193, 155, 208], [10, 57, 169, 41, 178, 133, 170, 35, 159, 206, 161, 130], [11, 135, 31, 183, 85, 166, 179, 66, 110, 89], [12, 64, 197, 46, 192, 173, 43, 80, 119, 83, 198, 128], [13, 81, 150, 63, 121, 165, 87, 95], [14, 211, 38, 49, 139, 215, 116, 115, 149, 168, 93, 47], [15, 167, 122, 216, 143, 160, 88, 219], [16, 39, 60, 104, 99, 50, 44, 191, 96, 129, 181], [17, 189, 153, 69, 175, 131, 187, 98, 48, 106, 61, 142], [18, 40, 42, 201, 94, 182, 213, 164, 214, 71, 111], [19, 67, 152, 45, 33, 171, 59, 172, 188, 108, 124, 34, 78, 217]]
[5958.0, 2447.0, 3139.0, 6538.0, 6815.0, 4400.0, 3212.0, 4389.0, 4413.0, 9273.0, 6364.0, 3464.0, 4046.0, 2550.0, 3608.0, 3256.0, 3218.0, 2296.0, 4137.0, 8403.0]
91926.0
Improvement by SISRS, iterations: 10000, T_0 = 100 : 
[[0, 79, 101, 199, 103, 210, 144, 23, 91], [1, 209, 24, 29, 212, 65, 147, 125, 186, 53, 177, 114], [2, 76, 137, 102, 162, 195, 55, 140, 52, 184, 207, 127], [3, 112, 74, 77, 180, 123, 204, 151, 26, 200, 136, 68], [4, 37, 73, 196, 22, 107, 27, 205, 146, 117, 176, 82, 75], [5, 148, 30, 25, 92, 158, 141], [6, 97, 174, 132, 194, 32, 62, 21, 109, 86, 58, 126, 36], [7, 120, 163, 138, 185, 54, 145, 90, 28, 20, 118, 72], [8, 203, 154, 56, 218, 157, 100, 156, 202], [9, 51, 190, 84, 105, 134, 113, 70, 193, 155, 208], [10, 57, 169, 41, 178, 133, 170, 35, 159, 206, 161, 130], [11, 135, 31, 183, 85, 166, 179, 66, 110, 89], [12, 64, 197, 46, 192, 173, 43, 80, 119, 83, 198, 128], [13, 81, 150, 63, 121, 165, 87, 95], [14, 211, 38, 49, 139, 215, 116, 115, 149, 168, 93, 47], [15, 167, 122, 216, 143, 160, 88, 219], [16, 39, 60, 104, 99, 50, 44, 191, 96, 129, 181], [17, 189, 153, 69, 175, 131, 187, 98, 48, 106, 61, 142], [18, 40, 42, 201, 94, 182, 213, 164, 214, 71, 111], [19, 67, 152, 45, 33, 171, 59, 172, 188, 108, 124, 34, 78, 217]]
[5958.0, 2447.0, 3139.0, 6538.0, 6815.0, 4400.0, 3212.0, 4389.0, 4413.0, 9273.0, 6364.0, 3464.0, 4046.0, 2550.0, 3608.0, 3256.0, 3218.0, 2296.0, 4137.0, 8403.0]
91926.0
