92218.0
[8345.0, 1561.0, 5611.0, 2716.0, 6116.0, 5820.0, 3212.0, 6484.0, 4701.0, 0.0, 7376.0, 3371.0, 2794.0, 3357.0, 4353.0, 5033.0, 4937.0, 5703.0, 4605.0, 6123.0]
Improvement by SISRS: 
[[0, 112, 77, 180, 123, 37, 73, 204, 151, 26], [1, 24, 29, 212, 65, 147, 125, 186, 53, 114], [2, 76, 79, 101, 199, 103, 210, 144, 23, 91, 184, 207], [3, 163, 120, 138, 185, 54, 145, 90, 28, 20, 118, 72], [4, 196, 22, 107, 27, 205, 146, 117, 176, 136, 200, 68], [5, 209, 137, 102, 162, 195, 55, 52, 140, 127, 177], [6, 97, 174, 132, 194, 32, 62, 21, 109, 86, 58, 126, 36], [7, 81, 150, 63, 121, 165, 95, 87, 47, 115, 149, 93, 168], [8, 203, 154, 74, 56, 218, 157, 100, 156, 202], [9], [10, 178, 169, 41, 57, 133, 170, 35, 159, 206, 161, 130, 82, 75], [11, 135, 31, 183, 85, 166, 179, 66, 89, 110], [12, 92, 25, 148, 30, 141, 158], [13, 197, 64, 46, 192, 173, 43, 80, 119, 83, 198, 128], [14, 49, 139, 38, 211, 215, 116, 33, 171, 188, 108, 124, 217, 78, 34], [15, 51, 190, 84, 105, 134, 113, 70, 193, 155, 208], [16, 167, 122, 216, 143, 160, 88, 219], [17, 152, 67, 45, 59, 172, 69, 175, 131, 187, 98, 48, 106, 61, 142], [18, 189, 153, 40, 42, 201, 94, 182, 213, 164, 214, 71, 111], [19, 99, 104, 39, 60, 50, 44, 191, 96, 129, 181]]
[8345.0, 1561.0, 5725.0, 2716.0, 6116.0, 5696.0, 3212.0, 6484.0, 4701.0, 0.0, 7376.0, 3371.0, 2794.0, 3357.0, 4353.0, 5033.0, 4937.0, 5703.0, 4605.0, 6123.0]
92208.0
Improvement by SISRS(gamma 0.05): 
[[0, 112, 74, 180, 123, 37, 73, 204, 151, 26, 200, 136, 68], [1, 24, 29, 212, 65, 147, 125, 186, 53, 114], [2, 76, 79, 101, 199, 103, 210, 144, 23, 91, 184, 207], [3, 163, 120, 138, 185, 54, 145, 90, 28, 20, 118, 72], [4, 77, 196, 22, 107, 27, 205, 146, 117, 176], [5, 209, 137, 102, 162, 195, 55, 52, 140, 127, 177], [6, 97, 174, 132, 194, 32, 62, 21, 109, 86, 58, 126, 36], [7, 81, 150, 63, 121, 165, 95, 87, 47, 115, 149, 93, 168], [8, 203, 154, 56, 218, 157, 100, 156, 202], [9], [10, 133, 178, 57, 169, 41, 170, 35, 159, 206, 161, 130, 82, 75], [11, 135, 31, 183, 85, 166, 179, 66, 89, 110], [12, 92, 25, 148, 30, 141, 158], [13, 197, 64, 46, 192, 173, 43, 80, 119, 83, 198, 128], [14, 49, 139, 38, 211, 215, 116, 33, 171, 188, 108, 124, 217, 78, 34], [15, 51, 190, 84, 105, 134, 113, 70, 193, 155, 208], [16, 167, 122, 216, 143, 160, 88, 219], [17, 152, 67, 45, 59, 172, 69, 175, 131, 187, 98, 48, 106, 61, 142], [18, 189, 153, 40, 42, 201, 94, 182, 213, 164, 214, 71, 111], [19, 99, 104, 39, 60, 50, 44, 191, 96, 129, 181]]
[9235.0, 1561.0, 5725.0, 2716.0, 5165.0, 5696.0, 3212.0, 6484.0, 4413.0, 0.0, 7380.0, 3371.0, 2794.0, 3357.0, 4353.0, 5033.0, 4937.0, 5703.0, 4605.0, 6123.0]
91863.0
Improvement by SISRS(T_0 = 1000, gamma 0.03, 100000 iterations): 
[[0, 180, 123, 37, 73, 204, 151, 200, 136, 68, 26], [1, 24, 29, 212, 65, 147, 125, 186, 53, 114], [2, 76, 137, 102, 162, 195, 55, 140, 52, 184, 207, 127], [3, 163, 120, 138, 185, 54, 145, 90, 28, 20, 118, 72], [4, 77, 196, 22, 107, 27, 205, 146, 117, 176], [5, 209, 79, 101, 199, 103, 210, 144, 23, 91, 177], [6, 97, 174, 132, 194, 32, 62, 21, 109, 86, 58, 126, 36], [7, 81, 150, 63, 121, 165, 95, 87, 47, 115, 149, 93, 168], [8, 112, 74, 154, 203, 218, 56, 100, 202, 156, 157], [9], [10, 133, 178, 57, 169, 41, 170, 35, 159, 206, 161, 130, 82, 75], [11, 135, 31, 183, 85, 166, 179, 66, 89, 110], [12, 92, 25, 148, 30, 141, 158], [13, 197, 64, 46, 192, 173, 43, 80, 119, 83, 198, 128], [14, 49, 139, 38, 211, 215, 116, 33, 171, 188, 108, 124, 217, 78, 34], [15, 51, 190, 84, 105, 134, 113, 70, 193, 155, 208], [16, 167, 122, 216, 143, 160, 88, 219], [17, 152, 67, 45, 59, 172, 69, 175, 131, 187, 98, 48, 106, 61, 142], [18, 189, 153, 40, 42, 201, 94, 182, 213, 164, 214, 71, 111], [19, 99, 104, 39, 60, 50, 44, 191, 96, 129, 181]]
[7919.0, 1561.0, 3139.0, 2716.0, 5165.0, 7844.0, 3212.0, 6484.0, 5338.0, 0.0, 7380.0, 3371.0, 2794.0, 3357.0, 4353.0, 5033.0, 4937.0, 5703.0, 4605.0, 6123.0]
91034.0
Improvement by SISRS: 
[[0, 112, 77, 180, 123, 37, 73, 204, 151, 26], [1, 24, 29, 212, 65, 147, 125, 186, 53, 114], [2, 76, 79, 101, 199, 103, 210, 144, 23, 91, 184, 207], [3, 163, 120, 138, 185, 54, 145, 90, 28, 20, 118, 72], [4, 196, 22, 107, 27, 205, 146, 117, 176, 136, 200, 68], [5, 209, 137, 102, 162, 195, 55, 52, 140, 127, 177], [6, 97, 174, 132, 194, 32, 62, 21, 109, 86, 58, 126, 36], [7, 81, 150, 63, 121, 165, 95, 87, 47, 115, 149, 93, 168], [8, 203, 154, 74, 56, 218, 157, 100, 156, 202], [9], [10, 178, 169, 41, 57, 133, 170, 35, 159, 206, 161, 130, 82, 75], [11, 135, 31, 183, 85, 166, 179, 66, 89, 110], [12, 92, 25, 148, 30, 141, 158], [13, 197, 64, 46, 192, 173, 43, 80, 119, 83, 198, 128], [14, 49, 139, 38, 211, 215, 116, 33, 171, 188, 108, 124, 217, 78, 34], [15, 51, 190, 84, 105, 134, 113, 70, 193, 155, 208], [16, 167, 122, 216, 143, 160, 88, 219], [17, 152, 67, 45, 59, 172, 69, 175, 131, 187, 98, 48, 106, 61, 142], [18, 189, 153, 40, 42, 201, 94, 182, 213, 164, 214, 71, 111], [19, 99, 104, 39, 60, 50, 44, 191, 96, 129, 181]]
[8345.0, 1561.0, 5725.0, 2716.0, 6116.0, 5696.0, 3212.0, 6484.0, 4701.0, 0.0, 7376.0, 3371.0, 2794.0, 3357.0, 4353.0, 5033.0, 4937.0, 5703.0, 4605.0, 6123.0]
92208.0
Improvement by SISRS: 
[[0, 112, 77, 180, 123, 37, 73, 204, 151, 26], [1, 24, 29, 212, 65, 147, 125, 186, 53, 114], [2, 76, 79, 101, 199, 103, 210, 144, 23, 91, 184, 207], [3, 163, 120, 138, 185, 54, 145, 90, 28, 20, 118, 72], [4, 196, 22, 107, 27, 205, 146, 117, 176, 136, 200, 68], [5, 209, 137, 102, 162, 195, 55, 52, 140, 127, 177], [6, 97, 174, 132, 194, 32, 62, 21, 109, 86, 58, 126, 36], [7, 81, 150, 63, 121, 165, 95, 87, 47, 115, 149, 93, 168], [8, 203, 154, 74, 56, 218, 157, 100, 156, 202], [9], [10, 178, 169, 41, 57, 133, 170, 35, 159, 206, 161, 130, 82, 75], [11, 135, 31, 183, 85, 166, 179, 66, 89, 110], [12, 92, 25, 148, 30, 141, 158], [13, 197, 64, 46, 192, 173, 43, 80, 119, 83, 198, 128], [14, 49, 139, 38, 211, 215, 116, 33, 171, 188, 108, 124, 217, 78, 34], [15, 51, 190, 84, 105, 134, 113, 70, 193, 155, 208], [16, 167, 122, 216, 143, 160, 88, 219], [17, 152, 67, 45, 59, 172, 69, 175, 131, 187, 98, 48, 106, 61, 142], [18, 189, 153, 40, 42, 201, 94, 182, 213, 164, 214, 71, 111], [19, 99, 104, 39, 60, 50, 44, 191, 96, 129, 181]]
[8345.0, 1561.0, 5725.0, 2716.0, 6116.0, 5696.0, 3212.0, 6484.0, 4701.0, 0.0, 7376.0, 3371.0, 2794.0, 3357.0, 4353.0, 5033.0, 4937.0, 5703.0, 4605.0, 6123.0]
92208.0
Improvement by SISRS: 
[[0, 180, 123, 37, 73, 204, 151, 26, 136, 68, 200], [1, 24, 29, 212, 65, 147, 125, 186, 53, 114], [2, 76, 79, 101, 199, 103, 210, 144, 23, 91, 184, 207], [3, 163, 120, 138, 185, 54, 145, 90, 28, 20, 118, 72], [4, 77, 196, 22, 107, 27, 205, 146, 117, 176], [5, 209, 137, 102, 162, 195, 55, 52, 140, 127, 177], [6, 97, 174, 132, 194, 32, 62, 21, 109, 86, 58, 126, 36], [7, 81, 150, 63, 121, 165, 95, 87, 47, 115, 149, 93, 168], [8, 112, 74, 154, 203, 218, 56, 100, 157, 156, 202], [9], [10, 178, 169, 41, 57, 133, 170, 35, 159, 206, 161, 130, 82, 75], [11, 135, 31, 183, 85, 166, 179, 66, 89, 110], [12, 92, 25, 148, 30, 141, 158], [13, 197, 64, 46, 192, 173, 43, 80, 119, 83, 198, 128], [14, 49, 139, 38, 211, 215, 116, 33, 171, 188, 108, 124, 217, 78, 34], [15, 51, 190, 84, 105, 134, 113, 70, 193, 155, 208], [16, 167, 122, 216, 143, 160, 88, 219], [17, 152, 67, 45, 59, 172, 69, 175, 131, 187, 98, 48, 106, 61, 142], [18, 189, 153, 40, 42, 201, 94, 182, 213, 164, 214, 71, 111], [19, 99, 104, 39, 60, 50, 44, 191, 96, 129, 181]]
[8233.0, 1561.0, 5725.0, 2716.0, 5165.0, 5696.0, 3212.0, 6484.0, 5377.0, 0.0, 7376.0, 3371.0, 2794.0, 3357.0, 4353.0, 5033.0, 4937.0, 5703.0, 4605.0, 6123.0]
91821.0
Improvement by SISRS: 
[[0, 180, 123, 37, 73, 204, 151, 200, 136, 68, 26], [1, 24, 29, 212, 65, 147, 125, 186, 53, 114], [2, 76, 79, 101, 199, 103, 210, 144, 23, 91, 184, 207], [3, 163, 120, 138, 185, 54, 145, 90, 28, 20, 118, 72], [4, 77, 196, 22, 107, 27, 205, 146, 117, 176], [5, 209, 137, 102, 162, 195, 55, 52, 140, 127, 177], [6, 97, 174, 132, 194, 32, 62, 21, 109, 86, 58, 126, 36], [7, 81, 150, 63, 121, 165, 95, 87, 47, 115, 149, 93, 168], [8, 203, 112, 74, 154, 56, 218, 157, 100, 156, 202], [9], [10, 178, 169, 41, 57, 133, 170, 35, 159, 206, 161, 130, 82, 75], [11, 135, 31, 183, 85, 166, 179, 66, 89, 110], [12, 92, 25, 148, 30, 141, 158], [13, 64, 197, 46, 192, 39, 43, 173, 83, 119, 80, 198, 128], [14, 49, 139, 38, 211, 215, 116, 33, 171, 188, 108, 124, 217, 78, 34], [15, 51, 190, 84, 105, 134, 113, 70, 193, 155, 208], [16, 167, 122, 216, 143, 160, 88, 219], [17, 152, 67, 45, 59, 172, 69, 175, 131, 187, 98, 48, 106, 61, 142], [18, 189, 153, 40, 42, 201, 94, 182, 213, 164, 214, 71, 111], [19, 99, 104, 60, 50, 44, 191, 96, 129, 181]]
[7919.0, 1561.0, 5725.0, 2716.0, 5165.0, 5696.0, 3212.0, 6484.0, 5412.0, 0.0, 7376.0, 3371.0, 2794.0, 4140.0, 4353.0, 5033.0, 4937.0, 5703.0, 4605.0, 5371.0]
91573.0
Improvement by SISRS: 
[[0, 180, 123, 37, 73, 204, 151, 200, 136, 68, 26], [1, 209, 79, 101, 199, 103, 210, 144, 23, 91], [2, 76, 137, 102, 162, 195, 55, 52, 140, 184, 207, 127], [3, 163, 120, 138, 185, 54, 145, 90, 28, 20, 118, 72], [4, 77, 74, 112, 154, 203, 218, 56, 100, 202, 156, 157], [5, 24, 29, 212, 65, 147, 125, 186, 53, 114, 177], [6, 97, 174, 132, 194, 32, 62, 21, 109, 86, 58, 126, 36], [7, 64, 197, 46, 192, 173, 43, 80, 119, 83, 198, 128], [8, 133, 178, 196, 22, 107, 27, 205, 146, 117, 176, 130, 82, 75], [9], [10, 41, 57, 169, 35, 170, 161, 206, 159], [11, 135, 31, 183, 85, 166, 179, 66, 89, 110], [12, 92, 25, 148, 30, 141, 158], [13, 81, 150, 63, 121, 165, 95, 87, 47, 115, 149, 93, 168], [14, 49, 139, 38, 211, 215, 116, 33, 171, 188, 108, 124, 217, 78, 34], [15, 51, 190, 84, 105, 134, 113, 70, 193, 155, 208], [16, 167, 122, 216, 143, 160, 88, 219], [17, 152, 67, 45, 59, 172, 69, 175, 131, 187, 98, 48, 106, 61, 142], [18, 189, 153, 40, 42, 201, 94, 182, 213, 164, 214, 71, 111], [19, 99, 104, 39, 60, 50, 44, 191, 96, 129, 181]]
[7919.0, 4751.0, 3139.0, 2716.0, 4291.0, 4909.0, 3212.0, 6131.0, 8114.0, 0.0, 5426.0, 3371.0, 2794.0, 4665.0, 4353.0, 5033.0, 4937.0, 5703.0, 4605.0, 6123.0]
92192.0
Improvement by SISRS: 
[[0, 180, 123, 37, 73, 204, 151, 200, 136, 68, 26], [1, 24, 29, 212, 65, 147, 125, 186, 53, 114], [2, 76, 137, 102, 162, 195, 55, 140, 52, 184, 207, 127], [3, 163, 120, 138, 185, 54, 145, 90, 28, 20, 118, 72], [4, 77, 196, 22, 107, 27, 205, 146, 117, 176], [5, 209, 79, 101, 199, 103, 210, 144, 23, 91, 177], [6, 97, 174, 132, 194, 32, 62, 21, 109, 86, 58, 126, 36], [7, 81, 150, 63, 121, 165, 95, 87, 47, 115, 149, 93, 168], [8, 203, 112, 74, 154, 56, 218, 157, 100, 156, 202], [9], [10, 178, 169, 41, 57, 133, 170, 35, 159, 206, 161, 130, 82, 75], [11, 135, 31, 183, 85, 166, 179, 66, 89, 110], [12, 92, 25, 148, 30, 141, 158], [13, 197, 64, 46, 192, 173, 43, 80, 119, 83, 198, 128], [14, 49, 139, 38, 211, 215, 116, 33, 171, 188, 108, 124, 217, 78, 34], [15, 51, 190, 84, 105, 134, 113, 70, 193, 155, 208], [16, 167, 122, 216, 143, 160, 88, 219], [17, 152, 67, 45, 59, 172, 69, 175, 131, 187, 98, 48, 106, 61, 142], [18, 189, 153, 40, 42, 201, 94, 182, 213, 164, 214, 71, 111], [19, 99, 104, 39, 60, 50, 44, 191, 96, 129, 181]]
[7919.0, 1561.0, 3139.0, 2716.0, 5165.0, 7844.0, 3212.0, 6484.0, 5412.0, 0.0, 7376.0, 3371.0, 2794.0, 3357.0, 4353.0, 5033.0, 4937.0, 5703.0, 4605.0, 6123.0]
91104.0
Improvement by SISRS, iterations: 10000, T_0 = 10000 : 
[[0, 180, 123, 37, 73, 204, 151, 200, 136, 68, 26], [1, 24, 29, 212, 65, 147, 125, 186, 53, 114], [2, 76, 137, 102, 162, 195, 55, 52, 140, 184, 207, 127], [3, 163, 120, 138, 185, 54, 145, 90, 28, 20, 118, 72], [4, 77, 196, 22, 107, 27, 205, 146, 117, 176], [5, 209, 79, 101, 199, 103, 210, 144, 23, 91, 177], [6, 97, 174, 132, 194, 32, 62, 21, 109, 86, 58, 126, 36], [7, 81, 150, 63, 121, 165, 95, 87, 47, 115, 149, 93, 168], [8, 112, 74, 154, 203, 218, 56, 100, 202, 156, 157], [9, 122, 167, 216, 143, 160, 88, 219, 89, 110], [10, 178, 169, 41, 57, 133, 170, 35, 159, 206, 161, 130, 82, 75], [11, 92, 135, 31, 66, 179, 148, 30, 25, 158, 141], [12], [13, 197, 64, 46, 192, 173, 43, 80, 119, 83, 198, 128], [14, 49, 139, 38, 211, 215, 116, 33, 171, 188, 108, 124, 217, 78, 34], [15, 183, 85, 166, 51, 190, 84, 105, 134, 113, 70, 193, 155, 208], [16, 39, 60, 104, 99, 50, 44, 191, 96, 129, 181], [17, 152, 67, 45, 59, 172, 69, 175, 131, 187, 98, 48, 106, 61, 142], [18, 189, 153, 40, 42, 201, 94, 182, 213, 164, 214, 71, 111], [19]]
[7919.0, 1561.0, 3139.0, 2716.0, 5165.0, 7844.0, 3212.0, 6484.0, 5338.0, 9582.0, 7376.0, 3701.0, 0.0, 3357.0, 4353.0, 6826.0, 3218.0, 5703.0, 4605.0, 0.0]
92099.0
Improvement by SISRS, iterations: 10000, T_0 = 100 : 
[[0, 180, 123, 37, 73, 204, 151, 200, 136, 68, 26], [1, 24, 29, 212, 65, 147, 125, 186, 53, 114], [2, 76, 79, 101, 199, 103, 210, 144, 23, 91, 184, 207], [3, 163, 120, 138, 185, 54, 145, 90, 28, 20, 118, 72], [4, 77, 196, 22, 107, 27, 205, 146, 117, 176], [5, 209, 137, 102, 162, 195, 55, 52, 140, 127, 177], [6, 97, 174, 132, 194, 32, 62, 21, 109, 86, 58, 126, 36], [7, 81, 150, 63, 121, 165, 95, 87, 47, 115, 149, 93, 168], [8, 112, 74, 154, 203, 218, 56, 100, 202, 156, 157], [9], [10, 178, 169, 41, 57, 133, 170, 35, 159, 206, 161, 130, 82, 75], [11, 135, 31, 183, 85, 166, 179, 66, 89, 110], [12, 92, 25, 148, 30, 141, 158], [13, 197, 64, 46, 192, 173, 43, 80, 119, 83, 198, 128], [14, 49, 139, 38, 211, 215, 116, 33, 171, 188, 108, 124, 217, 78, 34], [15, 51, 190, 84, 105, 134, 113, 70, 193, 155, 208], [16, 167, 122, 216, 143, 160, 88, 219], [17, 152, 67, 45, 59, 172, 69, 175, 131, 187, 98, 48, 106, 61, 142], [18, 189, 153, 40, 42, 201, 94, 182, 213, 164, 214, 71, 111], [19, 99, 104, 39, 60, 50, 44, 191, 96, 129, 181]]
[7919.0, 1561.0, 5725.0, 2716.0, 5165.0, 5696.0, 3212.0, 6484.0, 5338.0, 0.0, 7376.0, 3371.0, 2794.0, 3357.0, 4353.0, 5033.0, 4937.0, 5703.0, 4605.0, 6123.0]
91468.0
Improvement by SISRS, iterations: 100000, T_0 = 10000 : 
[[0, 180, 123, 37, 73, 204, 151, 200, 136, 68, 26], [1, 24, 29, 212, 65, 147, 125, 186, 53, 114], [2, 76, 137, 102, 162, 195, 55, 52, 140, 184, 207, 127], [3, 163, 120, 138, 185, 54, 145, 90, 28, 20, 118, 72], [4, 77, 196, 22, 107, 27, 205, 146, 117, 176], [5, 209, 79, 101, 199, 103, 210, 144, 23, 91, 177], [6, 97, 174, 132, 194, 32, 62, 21, 109, 86, 58, 126, 36], [7], [8, 112, 74, 154, 203, 218, 56, 100, 202, 156, 157], [9, 166, 85, 183, 179, 66, 89, 110], [10, 178, 169, 41, 57, 133, 170, 35, 159, 206, 161, 130, 82, 75], [11, 31, 135, 148, 92, 25, 30, 158, 141], [12, 64, 197, 46, 192, 173, 43, 80, 119, 83, 198, 128], [13, 49, 139, 38, 211, 215, 116, 33, 171, 188, 108, 124, 217, 93, 168], [14, 121, 63, 150, 81, 95, 87, 165, 47, 149, 115, 78, 34], [15, 51, 190, 84, 105, 134, 113, 70, 193, 155, 208], [16, 39, 60, 104, 99, 50, 44, 191, 96, 129, 181], [17, 152, 67, 45, 59, 172, 69, 175, 131, 187, 98, 48, 106, 61, 142], [18, 189, 153, 40, 42, 201, 94, 182, 213, 164, 214, 71, 111], [19, 167, 122, 216, 143, 160, 88, 219]]
[7919.0, 1561.0, 3139.0, 2716.0, 5165.0, 7844.0, 3212.0, 0.0, 5338.0, 6025.0, 7376.0, 2539.0, 4046.0, 5098.0, 4827.0, 5033.0, 3218.0, 5703.0, 4605.0, 6182.0]
91546.0
Improvement by SISRS, iterations: 100000, T_0 = 100 : 
[[0, 180, 123, 37, 73, 204, 151, 200, 136, 68, 26], [1, 24, 29, 212, 65, 147, 125, 186, 53, 114], [2, 76, 79, 101, 199, 103, 210, 144, 23, 91, 184, 207], [3, 163, 120, 138, 185, 54, 145, 90, 28, 20, 118, 72], [4, 77, 196, 22, 107, 27, 205, 146, 117, 176], [5, 209, 137, 102, 162, 195, 55, 52, 140, 127, 177], [6, 97, 174, 132, 194, 32, 62, 21, 109, 86, 58, 126, 36], [7, 81, 150, 63, 121, 165, 95, 87, 47, 115, 149, 93, 168], [8, 112, 74, 154, 203, 218, 56, 100, 202, 156, 157], [9], [10, 133, 178, 57, 169, 41, 35, 170, 159, 206, 161, 130, 82, 75], [11, 135, 31, 183, 85, 166, 179, 66, 89, 110], [12, 92, 25, 148, 30, 141, 158], [13, 197, 64, 46, 192, 173, 43, 80, 119, 83, 198, 128], [14, 49, 139, 38, 211, 215, 116, 33, 171, 188, 108, 124, 217, 78, 34], [15, 51, 190, 84, 105, 134, 113, 70, 193, 155, 208], [16, 167, 122, 216, 143, 160, 88, 219], [17, 152, 67, 45, 59, 172, 69, 175, 131, 187, 98, 48, 106, 61, 142], [18, 189, 153, 40, 42, 201, 94, 182, 213, 164, 214, 71, 111], [19, 99, 104, 39, 60, 50, 44, 191, 96, 129, 181]]
[7919.0, 1561.0, 5725.0, 2716.0, 5165.0, 5696.0, 3212.0, 6484.0, 5338.0, 0.0, 7421.0, 3371.0, 2794.0, 3357.0, 4353.0, 5033.0, 4937.0, 5703.0, 4605.0, 6123.0]
91513.0
Improvement by SISRS, iterations: 1000, T_0 = 100 : 
[[0, 112, 77, 180, 123, 37, 73, 204, 151, 26], [1, 24, 29, 212, 65, 147, 125, 186, 53, 114], [2, 76, 79, 101, 199, 103, 210, 144, 23, 91, 184, 207], [3, 163, 120, 138, 185, 54, 145, 90, 28, 20, 118, 72], [4, 196, 22, 107, 27, 205, 146, 117, 176, 136, 200, 68], [5, 209, 137, 102, 162, 195, 55, 52, 140, 127, 177], [6, 97, 174, 132, 194, 32, 62, 21, 109, 86, 58, 126, 36], [7, 81, 150, 63, 121, 165, 95, 87, 47, 115, 149, 93, 168], [8, 203, 154, 74, 56, 218, 157, 100, 156, 202], [9], [10, 178, 169, 41, 57, 133, 170, 35, 159, 206, 161, 130, 82, 75], [11, 135, 31, 183, 85, 166, 179, 66, 89, 110], [12, 92, 25, 148, 30, 141, 158], [13, 197, 64, 46, 192, 173, 43, 80, 119, 83, 198, 128], [14, 49, 139, 38, 211, 215, 116, 33, 171, 188, 108, 124, 217, 78, 34], [15, 51, 190, 84, 105, 134, 113, 70, 193, 155, 208], [16, 167, 122, 216, 143, 160, 88, 219], [17, 152, 67, 45, 59, 172, 69, 175, 131, 187, 98, 48, 106, 61, 142], [18, 189, 153, 40, 42, 201, 94, 182, 213, 164, 214, 71, 111], [19, 99, 104, 39, 60, 50, 44, 191, 96, 129, 181]]
[8345.0, 1561.0, 5725.0, 2716.0, 6116.0, 5696.0, 3212.0, 6484.0, 4701.0, 0.0, 7376.0, 3371.0, 2794.0, 3357.0, 4353.0, 5033.0, 4937.0, 5703.0, 4605.0, 6123.0]
92208.0
Improvement by SISRS, iterations: 1000, T_0 = 10000 : 
[[0, 112, 74, 154, 77, 37, 73, 204, 151, 26, 200, 136, 68], [1, 24, 29, 212, 65, 147, 125, 186, 53, 114], [2, 76, 137, 102, 162, 195, 55, 52, 140, 184, 207, 127], [3, 163, 120, 138, 185, 54, 145, 90, 28, 20, 118, 72], [4, 180, 123, 196, 22, 107, 27, 205, 146, 117, 176], [5, 209, 79, 101, 199, 103, 210, 144, 23, 91, 177], [6, 97, 174, 132, 194, 32, 62, 21, 109, 86, 58, 126, 36], [7, 81, 150, 63, 121, 165, 95, 87, 47, 115, 149, 93, 168], [8, 203, 218, 56, 100, 202, 156, 157], [9], [10, 178, 169, 41, 57, 133, 170, 35, 159, 206, 161, 130, 82, 75], [11, 135, 31, 183, 85, 166, 179, 66, 89, 110], [12, 92, 25, 148, 30, 141, 158], [13, 197, 64, 46, 192, 173, 43, 80, 119, 83, 198, 128], [14, 49, 139, 38, 211, 215, 116, 33, 171, 188, 108, 124, 217, 78, 34], [15, 51, 190, 84, 105, 134, 113, 70, 193, 155, 208], [16, 167, 122, 216, 143, 160, 88, 219], [17, 152, 67, 45, 59, 172, 69, 175, 131, 187, 98, 48, 106, 61, 142], [18, 189, 153, 40, 42, 201, 94, 182, 213, 164, 214, 71, 111], [19, 99, 104, 39, 60, 50, 44, 191, 96, 129, 181]]
[9321.0, 1561.0, 3139.0, 2716.0, 5805.0, 7844.0, 3212.0, 6484.0, 4087.0, 0.0, 7376.0, 3371.0, 2794.0, 3357.0, 4353.0, 5033.0, 4937.0, 5703.0, 4605.0, 6123.0]
91821.0
Improvement by SISRS, iterations: 10000, T_0 = 100 : 
[[0, 180, 123, 37, 73, 204, 151, 200, 136, 68, 26], [1, 24, 29, 212, 65, 147, 125, 186, 53, 114], [2, 76, 79, 101, 199, 103, 210, 144, 23, 91, 184, 207], [3, 163, 120, 138, 185, 54, 145, 90, 28, 20, 118, 72], [4, 77, 196, 22, 107, 27, 205, 146, 117, 176], [5, 209, 137, 102, 162, 195, 55, 52, 140, 127, 177], [6, 97, 174, 132, 194, 32, 62, 21, 109, 86, 58, 126, 36], [7, 81, 150, 63, 121, 165, 95, 87, 47, 115, 149, 93, 168], [8, 112, 74, 154, 203, 218, 56, 100, 202, 156, 157], [9], [10, 178, 169, 41, 57, 133, 170, 35, 159, 206, 161, 130, 82, 75], [11, 135, 31, 183, 85, 166, 179, 66, 89, 110], [12, 92, 25, 148, 30, 141, 158], [13, 197, 64, 46, 192, 173, 43, 80, 119, 83, 198, 128], [14, 49, 139, 38, 211, 215, 116, 33, 171, 188, 108, 124, 217, 78, 34], [15, 51, 190, 84, 105, 134, 113, 70, 193, 155, 208], [16, 167, 122, 216, 143, 160, 88, 219], [17, 152, 67, 45, 59, 172, 69, 175, 131, 187, 98, 48, 106, 61, 142], [18, 189, 153, 40, 42, 201, 94, 182, 213, 164, 214, 71, 111], [19, 99, 104, 39, 60, 50, 44, 191, 96, 129, 181]]
[7919.0, 1561.0, 5725.0, 2716.0, 5165.0, 5696.0, 3212.0, 6484.0, 5338.0, 0.0, 7376.0, 3371.0, 2794.0, 3357.0, 4353.0, 5033.0, 4937.0, 5703.0, 4605.0, 6123.0]
91468.0
