97554.0
[5958.0, 2448.0, 3209.0, 7690.0, 6675.0, 4968.0, 6108.0, 3755.0, 4701.0, 6025.0, 6247.0, 2510.0, 4046.0, 3655.0, 3735.0, 5033.0, 4937.0, 5635.0, 4137.0, 6082.0]
Improvement by SISRS: 
[[0, 79, 101, 199, 103, 210, 144, 23, 91], [1, 209, 24, 29, 212, 65, 147, 125, 186, 53, 114, 177], [2, 76, 137, 102, 162, 195, 55, 52, 140, 207, 184, 127], [3, 112, 74, 154, 77, 203, 218, 56, 100, 157, 156, 202], [4, 180, 123, 37, 73, 204, 151, 26, 200, 136, 68], [5, 120, 163, 138, 185, 54, 145, 90, 28, 72, 118, 20], [6, 194, 97, 174, 132, 32, 62, 21, 109, 86, 36, 126, 58], [7, 81, 150, 63, 121, 165, 87, 95], [8, 133, 196, 22, 107, 27, 205, 146, 117, 176, 82, 75], [9, 122, 167, 216, 143, 160, 88, 219, 89], [10, 41, 169, 57, 178, 170, 35, 159, 206, 161, 130], [11, 135, 31, 183, 85, 166, 179, 66, 110], [12, 92, 25, 148, 30, 141, 158], [13, 197, 64, 46, 192, 173, 43, 80, 119, 83, 198, 128], [14, 38, 49, 139, 211, 215, 116, 115, 149, 33, 217, 78], [15, 51, 190, 84, 105, 134, 113, 70, 193, 155, 208], [16, 39, 60, 104, 99, 50, 44, 191, 96, 129, 181], [17, 67, 152, 45, 171, 59, 172, 188, 108, 124, 34, 47, 93, 168], [18, 40, 42, 201, 94, 182, 213, 164, 214, 71, 111], [19, 69, 189, 153, 175, 131, 187, 98, 48, 106, 61, 142]]
[5958.0, 2448.0, 3209.0, 4850.0, 4789.0, 8293.0, 3314.0, 3755.0, 7653.0, 9569.0, 5771.0, 2778.0, 2794.0, 3357.0, 3454.0, 5033.0, 3218.0, 5441.0, 4137.0, 7036.0]
96857.0
Improvement by SISRS, iterations: 10000, T_0 = 100 : 
[[0, 79, 101, 199, 103, 210, 144, 23, 91], [1, 209, 24, 29, 212, 65, 147, 125, 186, 53, 114, 177], [2, 76, 137, 102, 162, 195, 55, 52, 140, 207, 184, 127], [3, 112, 77, 180, 123, 37, 204, 151, 26, 200, 136, 68], [4, 196, 22, 107, 27, 205, 73, 146, 117, 176, 82, 75], [5, 132, 174, 97, 194, 32, 62, 21, 86, 36, 109], [6, 120, 163, 138, 185, 54, 145, 90, 28, 20, 118, 72, 126, 58], [7, 81, 150, 63, 121, 165, 87, 95], [8, 203, 154, 74, 56, 218, 157, 100, 156, 202], [9, 166, 85, 183, 179, 66, 89, 110], [10, 41, 169, 57, 133, 178, 170, 35, 159, 206, 161, 130], [11, 31, 135, 148, 30, 92, 25, 158, 141], [12, 64, 197, 46, 192, 173, 43, 80, 119, 83, 198, 128], [13, 49, 139, 38, 211, 215, 116, 115, 149, 47, 93, 168], [14, 45, 171, 59, 172, 188, 108, 124, 33, 217, 78, 34], [15, 51, 190, 84, 105, 134, 113, 70, 193, 155, 208], [16, 167, 122, 216, 143, 160, 88, 219], [17, 67, 152, 189, 153, 69, 175, 131, 187, 98, 48, 106, 61, 142], [18, 40, 42, 201, 94, 182, 213, 164, 214, 71, 111], [19, 99, 104, 60, 39, 50, 44, 191, 96, 129, 181]]
[5958.0, 2448.0, 3209.0, 7006.0, 6675.0, 5372.0, 6219.0, 3755.0, 4701.0, 6025.0, 6247.0, 2510.0, 4046.0, 3655.0, 3735.0, 5033.0, 4937.0, 5635.0, 4137.0, 6082.0]
97385.0
Improvement by SISRS, iterations: 100000, T_0 = 10000 : 
[[0, 79, 101, 199, 103, 210, 144, 23, 91], [1, 209, 24, 29, 212, 65, 147, 125, 186, 53, 114, 177], [2, 76, 137, 102, 162, 195, 55, 52, 140, 207, 184, 127], [3, 112, 180, 123, 37, 73, 204, 151, 26, 200, 136, 68], [4, 203, 77, 74, 154, 56, 218, 157, 100, 156, 202], [5, 30, 148, 92, 25, 158, 141], [6, 194, 97, 174, 132, 32, 62, 21, 109, 86, 36, 126, 58], [7, 120, 163, 138, 185, 54, 145, 90, 28, 20, 118, 72], [8, 133, 196, 22, 107, 27, 205, 146, 117, 176, 82, 75], [9, 122, 167, 216, 143, 160, 88, 219, 89], [10, 41, 169, 57, 178, 170, 35, 159, 206, 161, 130], [11, 135, 31, 183, 85, 166, 179, 66, 110], [12, 64, 197, 46, 192, 173, 43, 80, 119, 83, 198, 128], [13, 81, 150, 63, 121, 165, 87, 95], [14, 211, 38, 49, 139, 215, 116, 115, 149, 168, 93, 47], [15, 51, 190, 84, 105, 134, 113, 70, 193, 155, 208], [16, 39, 60, 104, 99, 50, 44, 191, 96, 129, 181], [17, 67, 152, 45, 171, 33, 59, 172, 188, 108, 124, 34, 78, 217], [18, 40, 42, 201, 94, 182, 213, 164, 214, 71, 111], [19, 69, 189, 153, 175, 131, 187, 98, 48, 106, 61, 142]]
[5958.0, 2448.0, 3209.0, 7106.0, 3614.0, 4475.0, 3314.0, 4389.0, 7653.0, 9569.0, 5771.0, 2778.0, 4046.0, 2550.0, 3608.0, 5033.0, 3218.0, 5016.0, 4137.0, 7036.0]
94928.0
Improvement by SISRS, iterations: 100000, T_0 = 100 : 
[[0, 79, 101, 199, 103, 210, 144, 23, 91], [1, 209, 24, 29, 212, 65, 147, 125, 186, 53, 114, 177], [2, 76, 137, 102, 162, 195, 55, 52, 140, 207, 184, 127], [3, 112, 77, 180, 123, 37, 204, 151, 26, 200, 136, 68], [4, 196, 22, 107, 27, 205, 73, 146, 117, 176, 82, 75], [5, 194, 97, 174, 132, 32, 62, 21, 109, 86, 36, 58, 126], [6, 120, 163, 138, 185, 54, 145, 90, 28, 72, 118, 20], [7, 81, 150, 63, 121, 165, 87, 95], [8, 203, 154, 74, 56, 218, 157, 100, 156, 202], [9, 166, 85, 183, 179, 66, 89, 110], [10, 41, 169, 57, 133, 178, 170, 35, 159, 206, 161, 130], [11, 31, 135, 148, 30, 92, 25, 158, 141], [12, 64, 197, 46, 192, 173, 43, 80, 119, 83, 198, 128], [13, 49, 139, 38, 211, 215, 116, 115, 149, 47, 93, 168], [14, 45, 171, 59, 172, 188, 108, 124, 33, 217, 78, 34], [15, 51, 190, 84, 105, 134, 113, 70, 193, 155, 208], [16, 167, 122, 216, 143, 160, 88, 219], [17, 67, 152, 189, 153, 69, 175, 131, 187, 98, 48, 106, 61, 142], [18, 40, 42, 201, 94, 182, 213, 164, 214, 71, 111], [19, 99, 104, 60, 39, 50, 44, 191, 96, 129, 181]]
[5958.0, 2448.0, 3209.0, 7006.0, 6675.0, 6070.0, 5497.0, 3755.0, 4701.0, 6025.0, 6247.0, 2510.0, 4046.0, 3655.0, 3735.0, 5033.0, 4937.0, 5635.0, 4137.0, 6082.0]
97361.0
Improvement by SISRS, iterations: 10000, T_0 = 100 : 
[[0, 79, 101, 199, 103, 210, 144, 23, 91], [1, 209, 24, 29, 212, 65, 147, 125, 186, 53, 114, 177], [2, 76, 137, 102, 162, 195, 55, 52, 140, 207, 184, 127], [3, 112, 77, 180, 123, 37, 204, 151, 26, 200, 136, 68], [4, 196, 22, 107, 27, 205, 73, 146, 117, 176, 82, 75], [5, 132, 174, 97, 194, 32, 62, 21, 86, 36, 109], [6, 120, 163, 138, 185, 54, 145, 90, 28, 20, 118, 72, 126, 58], [7, 81, 150, 63, 121, 165, 87, 95], [8, 203, 154, 74, 56, 218, 157, 100, 156, 202], [9, 166, 85, 183, 179, 66, 89, 110], [10, 41, 169, 57, 133, 178, 170, 35, 159, 206, 161, 130], [11, 31, 135, 148, 30, 92, 158, 25, 141], [12, 64, 197, 46, 192, 173, 43, 80, 119, 83, 198, 128], [13, 49, 139, 38, 211, 215, 116, 115, 149, 47, 93, 168], [14, 45, 171, 59, 172, 188, 108, 124, 33, 217, 78, 34], [15, 51, 190, 84, 105, 134, 113, 70, 193, 155, 208], [16, 167, 122, 216, 143, 160, 88, 219], [17, 67, 152, 189, 153, 69, 175, 131, 187, 98, 48, 106, 61, 142], [18, 40, 42, 201, 94, 182, 213, 164, 214, 71, 111], [19, 99, 104, 60, 39, 50, 44, 191, 96, 129, 181]]
[5958.0, 2448.0, 3209.0, 7006.0, 6675.0, 5372.0, 6219.0, 3755.0, 4701.0, 6025.0, 6247.0, 2510.0, 4046.0, 3655.0, 3735.0, 5033.0, 4937.0, 5635.0, 4137.0, 6082.0]
97385.0
