92348.0
[0.0, 1561.0, 3139.0, 7270.0, 6301.0, 7844.0, 3339.0, 4389.0, 4413.0, 0.0, 5583.0, 3354.0, 4034.0, 4663.0, 4256.0, 5033.0, 8615.0, 4233.0, 5553.0, 8768.0]
Improvement by exact:
[[0], [1, 24, 29, 212, 65, 147, 125, 186, 53, 114], [2, 76, 137, 102, 162, 195, 55, 52, 140, 184, 207, 127], [3, 112, 74, 77, 180, 123, 37, 73, 204, 151, 26, 200, 136, 68], [4, 196, 22, 107, 27, 205, 146, 117, 176, 206, 161, 130, 82, 75], [5, 209, 79, 101, 199, 103, 210, 144, 23, 91, 177], [6, 174, 97, 132, 194, 32, 62, 21, 109, 86, 58, 126, 36], [7, 120, 163, 138, 185, 54, 145, 90, 28, 20, 118, 72], [8, 203, 154, 56, 218, 157, 100, 156, 202], [9], [10, 133, 178, 57, 169, 170, 35, 159, 41], [11, 183, 85, 166, 179, 66, 110, 31, 148, 30, 25, 141, 158], [12, 64, 197, 46, 192, 173, 83, 119, 43, 80, 198, 128], [13, 81, 150, 63, 121, 165, 95, 87, 93, 47, 115, 149, 168], [14, 49, 139, 38, 211, 215, 116, 33, 171, 59, 172, 188, 108, 34], [15, 51, 190, 84, 105, 134, 113, 70, 193, 155, 208], [16, 92, 135, 167, 122, 216, 143, 160, 88, 219, 89], [17, 39, 60, 104, 99, 50, 44, 191, 96, 129, 181], [18, 40, 42, 201, 94, 182, 213, 164, 214, 71, 111, 124, 78, 217], [19, 67, 152, 45, 189, 153, 69, 175, 131, 187, 98, 48, 106, 61, 142]]
[0.0, 1561.0, 3139.0, 7270.0, 6301.0, 7844.0, 3339.0, 4389.0, 4413.0, 0.0, 5583.0, 3354.0, 4034.0, 4663.0, 4256.0, 5033.0, 8615.0, 4233.0, 5553.0, 8696.0]
92276.0
Improvement by SISRS: 
[[0], [1, 24, 29, 212, 65, 147, 125, 186, 53, 114], [2, 76, 137, 102, 162, 195, 55, 52, 184, 207], [3, 112, 74, 77, 180, 123, 37, 73, 204, 151, 26, 200, 136, 68], [4, 196, 22, 107, 27, 205, 146, 117, 176, 206, 161, 130, 82, 75], [5, 209, 79, 101, 199, 103, 210, 144, 23, 91, 140, 127, 177], [6, 174, 97, 132, 194, 32, 62, 21, 109, 86, 58, 126, 36], [7, 120, 163, 138, 185, 54, 145, 90, 28, 20, 118, 72], [8, 203, 154, 56, 218, 157, 100, 156, 202], [9], [10, 133, 178, 57, 169, 170, 35, 159, 41], [11, 183, 85, 166, 179, 66, 110, 31, 148, 30, 25, 141, 158], [12, 64, 197, 46, 192, 173, 83, 119, 43, 80, 198, 128], [13, 81, 150, 63, 121, 165, 95, 87, 93, 47, 115, 149, 168], [14, 49, 139, 38, 211, 215, 116, 33, 171, 59, 172, 188, 108, 34], [15, 51, 190, 84, 105, 134, 113, 70, 193, 155, 208], [16, 92, 135, 167, 122, 216, 143, 160, 88, 219, 89], [17, 39, 60, 104, 99, 50, 44, 191, 96, 129, 181], [18, 40, 42, 201, 94, 182, 213, 164, 214, 71, 111, 124, 78, 217], [19, 152, 67, 45, 189, 153, 69, 175, 131, 187, 98, 48, 106, 61, 142]]
[0.0, 1561.0, 2874.0, 7270.0, 6301.0, 8104.0, 3339.0, 4389.0, 4413.0, 0.0, 5583.0, 3354.0, 4034.0, 4663.0, 4256.0, 5033.0, 8615.0, 4233.0, 5553.0, 8768.0]
92343.0
Improvement by SISRS (T = 1000): 
[[0], [1, 24, 29, 212, 65, 147, 125, 186, 53, 114], [2, 76, 137, 102, 162, 195, 55, 140, 52, 184, 207, 127], [3, 112, 74, 77, 180, 123, 37, 73, 204, 151, 26, 200, 136, 68], [4, 196, 22, 107, 27, 205, 146, 117, 176, 206, 161, 130, 82, 75], [5, 209, 79, 101, 199, 103, 210, 144, 23, 91, 177], [6, 174, 97, 132, 194, 32, 62, 21, 109, 86, 58, 126, 36], [7, 120, 163, 138, 185, 54, 145, 90, 28, 20, 118, 72], [8, 203, 154, 56, 218, 157, 100, 156, 202], [9], [10, 133, 178, 57, 169, 170, 35, 159, 41], [11, 92, 135, 31, 183, 85, 179, 166, 148, 30, 25, 141, 158], [12, 64, 197, 46, 192, 173, 83, 119, 43, 80, 198, 128], [13, 81, 150, 63, 121, 165, 95, 87, 93, 47, 115, 149, 168], [14, 49, 139, 38, 211, 215, 116, 33, 171, 59, 172, 188, 108, 34], [15, 51, 190, 84, 105, 134, 113, 70, 193, 155, 208], [16, 167, 122, 216, 143, 160, 88, 219, 66, 110, 89], [17, 39, 60, 104, 99, 50, 44, 191, 96, 129, 181], [18, 40, 42, 201, 94, 182, 213, 164, 214, 71, 111, 124, 78, 217], [19, 152, 67, 45, 189, 153, 69, 175, 131, 187, 98, 48, 106, 61, 142]]
[0.0, 1561.0, 3139.0, 7270.0, 6301.0, 7844.0, 3339.0, 4389.0, 4413.0, 0.0, 5583.0, 3899.0, 4034.0, 4663.0, 4256.0, 5033.0, 6947.0, 4233.0, 5553.0, 8768.0]
91225.0
Improvement by exact: 
[[0], [1, 24, 29, 212, 65, 147, 125, 186, 53, 114], [2, 76, 137, 102, 162, 195, 55, 52, 140, 184, 207, 127], [3, 112, 74, 77, 180, 123, 37, 73, 204, 151, 26, 200, 136, 68], [4, 196, 22, 107, 27, 205, 146, 117, 176, 206, 161, 130, 82, 75], [5, 209, 79, 101, 199, 103, 210, 144, 23, 91, 177], [6, 174, 97, 132, 194, 32, 62, 21, 109, 86, 58, 126, 36], [7, 120, 163, 138, 185, 54, 145, 90, 28, 20, 118, 72], [8, 203, 154, 56, 218, 157, 100, 156, 202], [9], [10, 133, 178, 57, 169, 170, 35, 159, 41], [11, 183, 85, 166, 179, 66, 110, 31, 148, 30, 25, 141, 158], [12, 64, 197, 46, 192, 173, 83, 119, 43, 80, 198, 128], [13, 81, 150, 63, 121, 165, 95, 87, 93, 47, 115, 149, 168], [14, 49, 139, 38, 211, 215, 116, 33, 171, 59, 172, 188, 108, 34], [15, 51, 190, 84, 105, 134, 113, 70, 193, 155, 208], [16, 92, 135, 167, 122, 216, 143, 160, 88, 219, 89], [17, 39, 60, 104, 99, 50, 44, 191, 96, 129, 181], [18, 40, 42, 201, 94, 182, 213, 164, 214, 71, 111, 124, 78, 217], [19, 67, 152, 45, 189, 153, 69, 175, 131, 187, 98, 48, 106, 61, 142]]
[0.0, 1561.0, 3139.0, 7270.0, 6301.0, 7844.0, 3339.0, 4389.0, 4413.0, 0.0, 5583.0, 3354.0, 4034.0, 4663.0, 4256.0, 5033.0, 8615.0, 4233.0, 5553.0, 8696.0]
92276.0
Improvement by SISRS: 
[[0, 79, 101, 199, 103, 210, 144, 23, 91], [1, 209, 24, 29, 212, 65, 147, 125, 186, 53, 177, 114], [2, 76, 137, 102, 162, 195, 55, 52, 140, 184, 207, 127], [3, 120, 163, 138, 185, 54, 145, 90, 28, 20, 118, 72], [4, 77, 180, 123, 37, 73, 204, 151, 26, 200, 136, 68], [5], [6, 174, 97, 132, 32, 62, 194, 21, 109, 86, 58, 126, 36], [7, 112, 74, 154, 203, 218, 56, 100, 157, 156, 202], [8, 133, 178, 196, 22, 107, 27, 205, 146, 117, 176, 130, 82, 75], [9, 51, 190, 84, 105, 134, 113, 70, 193, 155, 208], [10, 41, 57, 169, 35, 170, 161, 206, 159], [11, 92, 135, 31, 183, 85, 179, 166, 148, 30, 25, 141, 158], [12, 64, 197, 192, 46, 173, 83, 119, 43, 80, 198, 128], [13, 81, 150, 63, 121, 165, 87, 95], [14, 38, 49, 139, 211, 215, 116, 115, 149, 168, 93, 47], [15, 167, 122, 216, 143, 160, 88, 219, 66, 110, 89], [16, 39, 60, 104, 99, 50, 44, 191, 96, 129, 181], [17, 67, 152, 45, 171, 59, 172, 188, 108, 124, 33, 78, 34, 217], [18, 40, 42, 201, 94, 182, 213, 164, 214, 71, 111], [19, 69, 189, 153, 175, 131, 187, 98, 48, 106, 61, 142]]
[5958.0, 2447.0, 3139.0, 2733.0, 4792.0, 0.0, 3352.0, 5497.0, 8114.0, 9273.0, 5426.0, 3899.0, 4065.0, 2550.0, 3639.0, 5219.0, 3218.0, 5031.0, 4137.0, 7036.0]
89525.0
Improvement by SISRS, iterations: 10000, T_0 = 10000 : 
[[0, 79, 101, 199, 103, 210, 144, 23, 91], [1, 209, 24, 29, 212, 65, 147, 125, 186, 53, 177, 114], [2, 76, 137, 102, 162, 195, 55, 52, 140, 184, 207, 127], [3, 112, 74, 154, 203, 218, 56, 100, 157, 156, 202], [4, 77, 180, 123, 37, 73, 204, 151, 26, 200, 136, 68], [5], [6, 174, 97, 132, 194, 32, 62, 21, 109, 86, 58, 126, 36], [7, 120, 163, 138, 185, 54, 145, 90, 28, 20, 118, 72], [8, 133, 178, 196, 22, 107, 27, 205, 146, 117, 176, 130, 82, 75], [9, 166, 179, 66, 216, 160, 88, 219, 89], [10, 41, 57, 169, 35, 170, 161, 206, 159], [11, 92, 135, 31, 183, 85, 110, 148, 30, 25, 158, 141], [12, 64, 197, 46, 192, 173, 83, 119, 43, 80, 198, 128], [13, 81, 150, 63, 121, 165, 87, 95], [14, 38, 49, 139, 211, 215, 116, 115, 149, 168, 93, 47], [15, 167, 122, 143, 51, 190, 84, 105, 134, 113, 70, 193, 155, 208], [16, 39, 60, 104, 99, 50, 44, 191, 96, 129, 181], [17, 152, 67, 45, 171, 59, 172, 188, 108, 124, 34, 33, 78, 217], [18, 40, 42, 201, 94, 182, 213, 164, 214, 71, 111, 61, 142], [19, 69, 189, 153, 175, 131, 187, 98, 106, 48]]
[5958.0, 2447.0, 3139.0, 3936.0, 4792.0, 0.0, 3339.0, 4389.0, 8114.0, 9629.0, 5426.0, 3519.0, 4034.0, 2550.0, 3639.0, 5767.0, 3218.0, 4971.0, 4916.0, 6355.0]
90138.0
Improvement by SISRS, iterations: 10000, T_0 = 100 : 
[[0], [1, 24, 29, 212, 65, 147, 125, 186, 53, 114], [2, 76, 137, 102, 162, 195, 55, 52, 184, 207], [3, 112, 74, 77, 180, 123, 37, 73, 204, 151, 26, 200, 136, 68], [4, 196, 22, 107, 27, 205, 146, 117, 176, 206, 161, 130, 82, 75], [5, 209, 79, 101, 199, 103, 210, 144, 23, 91, 140, 127, 177], [6, 174, 97, 132, 194, 32, 62, 21, 109, 86, 58, 126, 36], [7, 120, 163, 138, 185, 54, 145, 90, 28, 20, 118, 72], [8, 203, 154, 56, 218, 157, 100, 156, 202], [9], [10, 133, 178, 57, 169, 170, 35, 159, 41], [11, 92, 135, 31, 179, 66, 110, 148, 30, 25, 158, 141], [12, 64, 197, 46, 192, 173, 83, 119, 43, 80, 198, 128], [13, 81, 150, 63, 121, 165, 95, 87, 93, 47, 115, 149, 168], [14, 49, 139, 38, 211, 215, 116, 33, 171, 59, 172, 188, 108, 34], [15, 183, 85, 166, 51, 190, 84, 105, 134, 113, 70, 193, 155, 208], [16, 167, 122, 216, 143, 160, 88, 219, 89, 181, 129], [17, 39, 60, 104, 99, 50, 44, 191, 96], [18, 40, 42, 201, 94, 182, 213, 164, 214, 71, 111, 124, 78, 217], [19, 152, 67, 45, 189, 153, 69, 175, 131, 187, 98, 48, 106, 61, 142]]
[0.0, 1561.0, 2874.0, 7270.0, 6301.0, 8104.0, 3339.0, 4389.0, 4413.0, 0.0, 5583.0, 3791.0, 4034.0, 4663.0, 4256.0, 6826.0, 7170.0, 3155.0, 5553.0, 8768.0]
92050.0
Improvement by SISRS, iterations: 100000, T_0 = 10000 : 
[[0, 180, 123, 37, 73, 204, 151, 200, 136, 68, 26], [1, 209, 79, 101, 199, 103, 210, 144, 23, 91], [2, 76, 137, 102, 162, 195, 55, 140, 52, 184, 207, 127], [3, 163, 120, 138, 185, 54, 145, 90, 28, 20, 118, 72], [4, 196, 22, 107, 27, 205, 146, 117, 176], [5, 24, 29, 212, 65, 147, 125, 186, 53, 114, 177], [6, 174, 97, 132, 194, 32, 62, 21, 109, 86, 58, 126, 36], [7, 112, 74, 154, 77, 203, 218, 56, 100, 157, 156, 202], [8, 133, 178, 57, 169, 41, 170, 35, 159, 206, 161, 130, 82, 75], [9, 166, 85, 183, 110, 89, 179, 66], [10, 40, 42, 201, 94, 182, 213, 164, 214, 71, 111], [11, 31, 135, 92, 148, 30, 25, 158, 141], [12, 64, 197, 46, 192, 173, 83, 119, 43, 80, 198, 128], [13, 81, 150, 63, 121, 165, 87, 95], [14, 38, 49, 139, 211, 215, 116, 115, 149, 168, 93, 47], [15, 51, 190, 84, 105, 134, 113, 70, 193, 155, 208], [16, 39, 60, 104, 99, 50, 44, 191, 96, 129, 181], [17, 152, 67, 45, 171, 59, 172, 188, 108, 124, 34, 33, 78, 217], [18, 189, 153, 69, 175, 131, 187, 98, 48, 106, 61, 142], [19, 167, 122, 216, 143, 160, 88, 219]]
[7919.0, 4751.0, 3139.0, 2716.0, 5014.0, 4909.0, 3339.0, 6411.0, 5874.0, 5960.0, 6961.0, 2589.0, 4034.0, 2550.0, 3639.0, 5033.0, 3218.0, 4971.0, 2296.0, 6182.0]
91505.0
Improvement by SISRS, iterations: 100000, T_0 = 100 : 
[[0], [1, 24, 29, 212, 65, 147, 125, 186, 53, 114], [2, 76, 137, 102, 162, 195, 55, 52, 184, 207], [3, 112, 74, 77, 180, 123, 37, 73, 204, 151, 26, 200, 136, 68], [4, 196, 22, 107, 27, 205, 146, 117, 176, 206, 161, 130, 82, 75], [5, 209, 79, 101, 199, 103, 210, 144, 23, 91, 140, 127, 177], [6, 174, 97, 132, 194, 32, 62, 21, 109, 86, 58, 126, 36], [7, 120, 163, 138, 185, 54, 145, 90, 28, 20, 118, 72], [8, 203, 154, 56, 218, 157, 100, 156, 202], [9], [10, 133, 178, 57, 169, 170, 35, 159, 41], [11, 92, 135, 31, 183, 85, 179, 166, 148, 30, 25, 141, 158], [12, 64, 197, 46, 192, 173, 83, 119, 43, 80, 198, 128], [13, 81, 150, 63, 121, 165, 95, 87, 93, 47, 115, 149, 168], [14, 49, 139, 38, 211, 215, 116, 33, 171, 59, 172, 188, 34], [15, 51, 190, 84, 105, 134, 113, 70, 193, 155, 208], [16, 167, 122, 216, 143, 160, 88, 219, 66, 110, 89], [17, 39, 60, 104, 99, 50, 44, 191, 96, 129, 181], [18, 40, 42, 201, 94, 182, 213, 164, 214, 71, 111, 108, 124, 78, 217], [19, 152, 67, 45, 189, 153, 69, 175, 131, 187, 98, 48, 106, 61, 142]]
[0.0, 1561.0, 2874.0, 7270.0, 6301.0, 8104.0, 3339.0, 4389.0, 4413.0, 0.0, 5583.0, 3899.0, 4034.0, 4663.0, 4254.0, 5033.0, 6947.0, 4233.0, 5555.0, 8768.0]
91220.0
Improvement by SISRS, iterations: 1000, T_0 = 100 : 
[[0], [1, 24, 29, 212, 65, 147, 125, 186, 53, 114], [2, 76, 137, 102, 162, 195, 55, 140, 52, 184, 207, 127], [3, 112, 74, 77, 180, 123, 37, 73, 204, 151, 26, 200, 136, 68], [4, 196, 22, 107, 27, 205, 146, 117, 176, 206, 161, 130, 82, 75], [5, 209, 79, 101, 199, 103, 210, 144, 23, 91, 177], [6, 174, 97, 132, 194, 32, 62, 21, 109, 86, 58, 126, 36], [7, 120, 163, 138, 185, 54, 145, 90, 28, 20, 118, 72], [8, 203, 154, 56, 218, 157, 100, 156, 202], [9], [10, 133, 178, 57, 169, 170, 35, 159, 41], [11, 92, 135, 31, 179, 66, 110, 148, 30, 25, 158, 141], [12, 64, 197, 46, 192, 173, 83, 119, 43, 80, 198, 128], [13, 81, 150, 63, 121, 165, 95, 87, 93, 47, 115, 149, 168], [14, 49, 139, 38, 211, 215, 116, 33, 171, 59, 172, 188, 108, 34], [15, 183, 85, 166, 51, 190, 84, 105, 134, 113, 70, 193, 155, 208], [16, 167, 122, 216, 143, 160, 88, 219, 89, 181, 129], [17, 39, 60, 104, 99, 50, 44, 191, 96], [18, 40, 42, 201, 94, 182, 213, 164, 214, 71, 111, 124, 78, 217], [19, 152, 67, 45, 189, 153, 69, 175, 131, 187, 98, 48, 106, 61, 142]]
[0.0, 1561.0, 3139.0, 7270.0, 6301.0, 7844.0, 3339.0, 4389.0, 4413.0, 0.0, 5583.0, 3791.0, 4034.0, 4663.0, 4256.0, 6826.0, 7170.0, 3155.0, 5553.0, 8768.0]
92055.0
Improvement by SISRS, iterations: 10000, T_0 = 100 : 
[[0], [1, 24, 29, 212, 65, 147, 125, 186, 53, 114], [2, 76, 137, 102, 162, 195, 55, 52, 140, 184, 207, 127], [3, 112, 74, 77, 180, 123, 37, 73, 204, 151, 26, 200, 136, 68], [4, 196, 22, 107, 27, 205, 146, 117, 176, 206, 161, 130, 82, 75], [5, 209, 79, 101, 199, 103, 210, 144, 23, 91, 177], [6, 174, 97, 132, 194, 32, 62, 21, 109, 86, 58, 126, 36], [7, 120, 163, 138, 185, 54, 145, 90, 28, 20, 118, 72], [8, 203, 154, 56, 218, 157, 100, 156, 202], [9], [10, 133, 178, 57, 169, 170, 35, 159, 41], [11, 92, 135, 31, 179, 66, 110, 148, 30, 25, 158, 141], [12, 64, 197, 46, 192, 173, 83, 119, 43, 80, 198, 128], [13, 81, 150, 63, 121, 165, 95, 87, 93, 47, 115, 149, 168], [14, 49, 139, 38, 211, 215, 116, 33, 171, 59, 172, 188, 108, 34], [15, 183, 85, 166, 51, 190, 84, 105, 134, 113, 70, 193, 155, 208], [16, 167, 122, 216, 143, 160, 88, 219, 89, 181, 129], [17, 39, 60, 104, 99, 50, 44, 191, 96], [18, 40, 42, 201, 94, 182, 213, 164, 214, 71, 111, 124, 78, 217], [19, 152, 67, 45, 189, 153, 69, 175, 131, 187, 98, 48, 106, 61, 142]]
[0.0, 1561.0, 3139.0, 7270.0, 6301.0, 7844.0, 3339.0, 4389.0, 4413.0, 0.0, 5583.0, 3791.0, 4034.0, 4663.0, 4256.0, 6826.0, 7170.0, 3155.0, 5553.0, 8768.0]
92055.0
