103383.0
[7918.0, 1561.0, 4988.0, 2716.0, 3868.0, 7431.0, 2333.0, 3755.0, 5941.0, 8433.0, 6961.0, 2564.0, 15032.0, 3391.0, 3454.0, 2585.0, 3218.0, 5441.0, 2296.0, 9497.0]
Improvement by SISRS: 
[[0, 180, 123, 37, 73, 204, 151, 136, 68, 200, 26], [1, 24, 29, 212, 65, 147, 125, 186, 53, 114], [2, 76, 137, 102, 162, 195, 55, 52, 140, 184, 207, 127], [3, 163, 120, 138, 185, 54, 145, 90, 28, 20, 118, 72], [4, 196, 22, 107, 27, 205, 146, 117, 176], [5, 209, 79, 101, 199, 103, 210, 144, 23, 91, 177], [6, 97, 174, 194, 32, 62, 21, 109, 86, 58, 36], [7, 81, 150, 63, 121, 165, 87, 95], [8, 133, 178, 57, 169, 41, 170, 35, 159, 206, 161, 130, 82, 75], [9, 51, 190, 84, 105, 134, 113, 70, 193, 155, 208], [10, 40, 42, 201, 94, 182, 213, 164, 214, 71, 111], [11, 31, 135, 148, 92, 25, 30, 158, 141], [12, 132, 112, 74, 154, 77, 203, 218, 56, 100, 157, 156, 202, 126], [13, 197, 64, 46, 192, 173, 43, 80, 119, 83, 198, 128], [14, 38, 49, 139, 211, 215, 116, 47, 115, 78, 34], [15, 183, 85, 166, 179, 66, 110, 89], [16, 39, 60, 104, 99, 50, 44, 191, 96, 129, 181], [17, 67, 152, 45, 171, 59, 172, 188, 108, 124, 33, 217, 149, 93, 168], [18, 189, 153, 69, 175, 131, 187, 98, 48, 106, 61, 142], [19, 167, 122, 216, 143, 160, 88, 219]]
[7797.0, 1561.0, 3139.0, 2716.0, 5014.0, 7844.0, 2382.0, 3755.0, 5874.0, 9273.0, 6961.0, 2539.0, 11612.0, 3357.0, 3648.0, 2585.0, 3218.0, 5433.0, 2296.0, 6182.0]
97186.0
Improvement by SISRS 10000: 
[[0, 180, 123, 37, 73, 204, 151, 136, 68, 200, 26], [1, 209, 79, 101, 199, 103, 210, 144, 23, 91], [2, 76, 137, 102, 162, 195, 55, 52, 140, 184, 207, 127], [3, 163, 120, 138, 185, 54, 145, 90, 28, 20, 118, 72], [4, 196, 22, 107, 27, 205, 146, 117, 176], [5, 24, 29, 212, 65, 147, 125, 186, 53, 114, 177], [6, 97, 174, 132, 194, 32, 62, 21, 109, 86, 58, 126, 36], [7, 112, 74, 154, 77, 203, 218, 56, 100, 157, 156, 202], [8, 133, 178, 57, 169, 41, 170, 35, 159, 206, 161, 130, 82, 75], [9], [10, 40, 42, 201, 94, 182, 213, 164, 214, 71, 111], [11, 92, 148, 135, 31, 89, 110, 30, 25, 141, 158], [12, 64, 197, 46, 192, 173, 43, 80, 119, 83, 198, 128], [13, 81, 150, 63, 121, 165, 87, 95], [14, 38, 49, 139, 211, 215, 116, 115, 149, 168, 93, 47], [15, 183, 85, 166, 179, 66, 216, 143, 160, 88, 219], [16, 39, 60, 104, 99, 50, 44, 191, 96, 129, 181], [17, 67, 152, 45, 171, 33, 59, 172, 188, 108, 124, 34, 78, 217], [18, 189, 153, 69, 175, 131, 187, 98, 48, 106, 61, 142], [19, 167, 122, 51, 190, 84, 105, 134, 113, 70, 193, 155, 208]]
[7797.0, 4751.0, 3139.0, 2716.0, 5014.0, 4909.0, 3212.0, 6411.0, 5874.0, 0.0, 6961.0, 4019.0, 4046.0, 2550.0, 3639.0, 5361.0, 3218.0, 5016.0, 2296.0, 9341.0]
90270.0
Improvement by SISRS 10000, T_0 = 100 : 
[[0, 180, 123, 37, 73, 204, 151, 136, 68, 200, 26], [1, 24, 29, 212, 65, 147, 125, 186, 53, 114], [2, 76, 137, 102, 162, 195, 55, 52, 184, 207], [3, 163, 120, 138, 185, 54, 145, 90, 28, 20, 118, 72], [4, 154, 77, 74, 112, 56, 218, 203], [5, 209, 79, 101, 199, 103, 210, 144, 23, 91, 140, 127, 177], [6, 97, 174, 132, 194, 32, 62, 21, 109, 86, 58, 36], [7, 81, 150, 63, 121, 165, 87, 95], [8, 133, 178, 57, 169, 41, 170, 35, 159, 206, 161, 130, 82, 75], [9, 51, 190, 84, 105, 134, 113, 70, 193, 155, 208], [10, 40, 42, 201, 94, 182, 213, 164, 214, 71, 111], [11, 31, 135, 148, 92, 158, 30, 25, 141], [12, 196, 22, 107, 27, 205, 146, 117, 176, 157, 100, 156, 202, 126], [13, 197, 64, 46, 192, 173, 43, 80, 119, 83, 198, 128], [14, 38, 49, 139, 211, 215, 116, 115, 33, 217, 34], [15, 183, 85, 166, 179, 66, 110, 89], [16, 39, 60, 104, 99, 50, 44, 191, 96, 129, 181], [17, 67, 152, 45, 171, 59, 172, 188, 108, 124, 78, 149, 47, 93, 168], [18, 189, 153, 69, 175, 131, 187, 98, 48, 106, 61, 142], [19, 167, 122, 216, 143, 160, 88, 219]]
[7797.0, 1561.0, 2874.0, 2716.0, 3122.0, 8104.0, 2799.0, 3755.0, 5874.0, 9273.0, 6961.0, 2539.0, 14869.0, 3357.0, 3538.0, 2585.0, 3218.0, 5343.0, 2296.0, 6182.0]
98763.0
