105439.0
[5958.0, 2447.0, 3139.0, 2225.0, 3548.0, 15970.0, 2382.0, 3755.0, 5829.0, 9273.0, 6961.0, 1652.0, 15765.0, 3429.0, 3608.0, 3404.0, 3218.0, 2296.0, 4398.0, 6182.0]
Improvement by SISRS: 
[[0, 79, 101, 199, 103, 210, 144, 23, 91], [1, 209, 24, 29, 212, 65, 147, 125, 186, 53, 177, 114], [2, 76, 137, 102, 162, 195, 55, 52, 140, 184, 207, 127], [3, 54, 185, 138, 145, 90, 28, 20, 118], [4, 37, 73, 196, 22, 107, 27, 205, 146, 117, 176, 82], [5, 112, 74, 77, 180, 123, 204, 151, 26, 200, 136, 68, 72], [6, 97, 174, 194, 32, 62, 21, 109, 86, 36], [7, 81, 150, 63, 121, 165, 87, 95], [8, 133, 178, 57, 169, 41, 159, 35, 170, 161, 206, 130, 75], [9, 51, 190, 84, 105, 134, 113, 70, 193, 155, 208], [10, 40, 42, 201, 94, 182, 213, 164, 214, 71, 111], [11, 148, 31, 135, 92, 25, 30, 158, 141], [12, 132, 120, 163, 56, 154, 203, 218, 157, 100, 156, 202, 58, 126], [13, 197, 64, 46, 192, 173, 43, 80, 119, 83, 198, 128], [14, 211, 38, 49, 139, 215, 116, 115, 149, 168, 93, 47], [15, 179, 166, 85, 183, 66, 110, 89], [16, 39, 60, 104, 99, 50, 44, 191, 96, 129, 181], [17, 189, 153, 69, 175, 131, 187, 98, 48, 106, 61, 142], [18, 45, 152, 67, 172, 59, 171, 33, 188, 108, 124, 34, 78, 217], [19, 167, 122, 216, 143, 160, 88, 219]]
[5958.0, 2447.0, 3139.0, 1839.0, 6673.0, 14021.0, 2142.0, 3755.0, 5896.0, 9273.0, 6961.0, 2510.0, 11125.0, 3357.0, 3608.0, 2486.0, 3218.0, 2296.0, 4398.0, 6182.0]
101284.0
Improvement by SISRS 10000: 
[[0, 79, 101, 199, 103, 210, 144, 23, 91], [1, 209, 24, 29, 212, 65, 147, 125, 186, 53, 177, 114], [2, 76, 137, 102, 162, 195, 55, 52, 140, 184, 207, 127], [3, 112, 74, 77, 180, 123, 204, 151, 26, 200, 136, 68], [4, 37, 73, 196, 22, 107, 27, 205, 146, 117, 176, 82], [5, 120, 163, 138, 185, 54, 145, 90, 28, 72, 118, 20], [6, 97, 174, 132, 194, 32, 62, 21, 109, 86, 58, 126, 36], [7, 56, 154, 203, 218, 157, 100, 156, 202], [8, 133, 178, 57, 169, 41, 170, 35, 159, 206, 161, 130, 75], [9, 51, 190, 84, 105, 134, 113, 70, 193, 155, 208], [10, 40, 42, 201, 94, 182, 213, 164, 214, 71, 111], [11, 148, 31, 135, 92, 158, 30, 25, 141], [12, 64, 197, 46, 192, 173, 43, 80, 119, 83, 198, 128], [13, 81, 150, 63, 121, 165, 87, 95], [14, 211, 38, 49, 139, 215, 116, 115, 149, 168, 93, 47], [15, 179, 166, 85, 183, 66, 110, 89], [16, 39, 60, 104, 99, 50, 44, 191, 96, 129, 181], [17, 189, 153, 69, 175, 131, 187, 98, 48, 106, 61, 142], [18, 67, 152, 45, 33, 171, 59, 172, 188, 108, 124, 34, 78, 217], [19, 167, 122, 216, 143, 160, 88, 219]]
[5958.0, 2447.0, 3139.0, 6538.0, 6673.0, 8293.0, 3212.0, 5062.0, 5829.0, 9273.0, 6961.0, 2510.0, 4046.0, 2550.0, 3608.0, 2486.0, 3218.0, 2296.0, 4255.0, 6182.0]
94536.0
Improvement by SISRS 10000, T_0 = 100 : 
[[0, 79, 101, 199, 103, 210, 144, 23, 91], [1, 209, 24, 29, 212, 65, 147, 125, 186, 53, 177, 114], [2, 76, 137, 102, 162, 195, 55, 140, 52, 184, 207, 127], [3, 54, 163, 138, 185, 145, 90, 28, 20, 118], [4, 203, 154, 74, 56, 218, 157, 100, 156, 202], [5, 120, 196, 22, 107, 27, 73, 151, 26, 200, 136, 68, 72], [6, 194, 97, 174, 132, 32, 62, 21, 109, 86, 58, 36], [7, 81, 150, 63, 121, 165, 87, 95], [8, 133, 178, 57, 169, 41, 170, 35, 159, 206, 161, 130, 82], [9, 51, 190, 84, 105, 134, 113, 70, 193, 155, 208], [10, 40, 42, 201, 94, 182, 213, 164, 214, 71, 111], [11, 148, 31, 135, 92, 25, 30, 158, 141], [12, 112, 77, 180, 123, 37, 204, 205, 146, 117, 176, 75, 126], [13, 197, 64, 46, 192, 173, 43, 80, 119, 83, 198, 128], [14, 211, 38, 49, 139, 215, 116, 115, 149, 168, 93, 47], [15, 179, 166, 85, 183, 66, 110, 89], [16, 39, 60, 104, 99, 50, 44, 191, 96, 129, 181], [17, 189, 153, 69, 175, 131, 187, 98, 48, 106, 61, 142], [18, 67, 152, 45, 33, 171, 59, 172, 188, 108, 124, 34, 78, 217], [19, 167, 122, 216, 143, 160, 88, 219]]
[5958.0, 2447.0, 3139.0, 2225.0, 2785.0, 15970.0, 2741.0, 3755.0, 5833.0, 9273.0, 6961.0, 2510.0, 15396.0, 3357.0, 3608.0, 2486.0, 3218.0, 2296.0, 4255.0, 6182.0]
104395.0
