103849.0
[4368.0, 5115.0, 5097.0, 6662.0, 7642.0, 0.0, 3372.0, 9245.0, 7242.0, 0.0, 7883.0, 3899.0, 4760.0, 4865.0, 4663.0, 5033.0, 6947.0, 5796.0, 4605.0, 6655.0]
Improvement by SISRS: 
[[0, 79, 101, 199, 103, 210, 144, 23, 91], [1, 209, 24, 29, 212, 65, 147, 125, 186, 53, 114, 177], [2, 76, 137, 102, 162, 195, 55, 52, 140, 184, 207, 127], [3, 112, 74, 77, 180, 123, 37, 73, 204, 151, 26, 200, 136, 68], [4, 196, 22, 107, 27, 205, 146, 117, 176, 206, 161, 130, 82, 75], [5, 138, 185, 54, 154, 203, 218, 56, 100, 157, 156, 202, 126], [6, 97, 174, 132, 194, 32, 62, 21, 109, 86, 58, 36], [7, 81, 150, 63, 121, 165, 87, 95], [8, 120, 163, 145, 90, 28, 20, 118, 72], [9, 166, 85, 183, 110, 89, 179, 66], [10, 133, 178, 57, 169, 170, 35, 159, 41], [11, 135, 31, 148, 92, 25, 30, 158, 141], [12, 39, 60, 104, 99, 50, 44, 191, 96, 129, 181], [13, 197, 64, 46, 192, 173, 83, 119, 43, 80, 198, 128], [14, 38, 49, 139, 211, 215, 116, 34, 108, 188, 124, 217, 78], [15, 51, 190, 84, 105, 134, 113, 70, 193, 155, 208], [16, 167, 122, 216, 143, 160, 88, 219], [17, 67, 152, 45, 172, 59, 171, 33, 115, 149, 47, 93, 168], [18, 40, 42, 201, 94, 182, 213, 164, 214, 71, 111], [19, 69, 189, 153, 175, 131, 187, 98, 48, 106, 61, 142]]
[5958.0, 2448.0, 3139.0, 7270.0, 6301.0, 11666.0, 2799.0, 3755.0, 5774.0, 5960.0, 5583.0, 2593.0, 4110.0, 3345.0, 4027.0, 5033.0, 4937.0, 4978.0, 4137.0, 7036.0]
100849.0
Improvement by SISRS 10000: 
[[0, 112, 74, 77, 180, 123, 37, 73, 204, 151, 26, 200, 136, 68], [1, 24, 29, 212, 65, 147, 125, 186, 53, 114], [2, 76, 137, 102, 162, 195, 55, 140, 52, 184, 207, 127], [3, 163, 120, 138, 185, 54, 145, 90, 28, 20, 118, 72], [4, 203, 154, 56, 218, 157, 156, 202, 100], [5, 209, 79, 101, 199, 103, 210, 144, 23, 91, 177], [6, 174, 97, 132, 194, 32, 62, 21, 109, 86, 58, 126, 36], [7, 81, 150, 63, 121, 165, 87, 95], [8, 133, 178, 196, 22, 107, 27, 205, 146, 117, 176, 130, 82, 75], [9], [10, 41, 57, 169, 35, 170, 161, 206, 159], [11, 92, 135, 31, 183, 85, 179, 166, 148, 30, 25, 141, 158], [12, 39, 60, 104, 99, 50, 44, 191, 96, 129, 181], [13, 197, 64, 46, 192, 173, 83, 119, 43, 80, 198, 128], [14, 38, 49, 139, 211, 215, 116, 115, 149, 33, 217, 78], [15, 51, 190, 84, 105, 134, 113, 70, 193, 155, 208], [16, 167, 122, 216, 143, 160, 88, 219, 66, 110, 89], [17, 67, 152, 45, 171, 59, 172, 188, 108, 124, 34, 47, 93, 168], [18, 40, 42, 201, 94, 182, 213, 164, 214, 71, 111], [19, 69, 189, 153, 175, 131, 187, 98, 48, 106, 61, 142]]
[9353.0, 1561.0, 3139.0, 2716.0, 2439.0, 7844.0, 3339.0, 3755.0, 8114.0, 0.0, 5426.0, 3899.0, 4110.0, 3345.0, 3454.0, 5033.0, 6947.0, 5441.0, 4137.0, 7036.0]
91088.0
Improvement by SISRS 10000, T_0 = 100 : 
[[0, 102, 162, 195, 55, 52, 140, 127, 207, 184], [1, 24, 29, 79, 101, 199, 103, 210, 144, 23, 91], [2, 76, 137, 209, 212, 65, 147, 125, 186, 53, 114, 177], [3, 112, 74, 77, 180, 123, 37, 73, 204, 151, 26, 200, 136, 68], [4, 196, 22, 107, 27, 205, 146, 117, 176, 206, 161, 130, 82, 75], [5], [6, 174, 97, 132, 194, 32, 62, 21, 109, 86, 58, 126, 36], [7, 81, 150, 63, 121, 165, 154, 203, 218, 56, 100, 157, 156, 202], [8, 120, 163, 138, 185, 54, 145, 90, 28, 20, 118, 72], [9], [10, 133, 178, 57, 169, 170, 35, 159, 41], [11, 92, 135, 31, 183, 85, 179, 166, 148, 30, 25, 141, 158], [12, 39, 60, 104, 99, 50, 44, 191, 96, 129, 181], [13, 197, 64, 46, 192, 173, 83, 119, 43, 80, 198, 128], [14, 139, 38, 211, 49, 87, 95, 215, 116, 115, 149, 93, 47], [15, 51, 190, 84, 105, 134, 113, 70, 193, 155, 208], [16, 167, 122, 216, 143, 160, 88, 219, 66, 110, 89], [17, 152, 67, 45, 171, 59, 172, 188, 108, 124, 34, 33, 217, 78, 168], [18, 40, 42, 201, 94, 182, 213, 164, 214, 71, 111], [19, 69, 189, 153, 175, 131, 187, 98, 48, 106, 61, 142]]
[5042.0, 4567.0, 4994.0, 7270.0, 6301.0, 0.0, 3339.0, 7784.0, 6449.0, 0.0, 5583.0, 3899.0, 4110.0, 3345.0, 4821.0, 5033.0, 6947.0, 5730.0, 4137.0, 7036.0]
96387.0
