110151.0
[5958.0, 2447.0, 3139.0, 2442.0, 2375.0, 14496.0, 3484.0, 8144.0, 8833.0, 8153.0, 5088.0, 3682.0, 4080.0, 5861.0, 6118.0, 6394.0, 3218.0, 4602.0, 2296.0, 9341.0]
Improvement by SISRS: 
[[0, 79, 101, 199, 103, 210, 144, 23, 91], [1, 209, 24, 29, 212, 65, 147, 125, 186, 53, 114, 177], [2, 76, 137, 102, 162, 195, 55, 140, 52, 184, 207, 127], [3, 112, 77, 180, 123, 37, 73, 204, 151, 26, 200, 136, 68], [4, 203, 154, 74, 56, 218, 157, 156, 100], [5, 120, 163, 138, 185, 54, 145, 90, 28, 72, 118, 20], [6, 97, 174, 132, 194, 32, 62, 21, 109, 86, 58, 126, 36], [7, 133, 178, 57, 169, 41, 159, 35, 170, 75, 202], [8, 196, 22, 107, 27, 205, 146, 117, 176, 206, 161, 130, 82], [9, 135, 31, 183, 85, 166, 179, 66, 89, 110], [10, 38, 49, 139, 211, 215, 116, 115, 149, 168, 93, 47], [11, 148, 30, 92, 158, 25, 141], [12, 64, 197, 46, 192, 173, 43, 80, 119, 83, 198, 128], [13, 81, 150, 63, 121, 165, 87, 95], [14, 40, 42, 201, 94, 182, 213, 164, 214, 71, 111, 34], [15, 167, 122, 143, 160, 88, 219], [16, 39, 60, 104, 99, 50, 44, 191, 96, 129, 181], [17, 152, 67, 45, 171, 59, 172, 188, 108, 124, 78, 33, 217], [18, 189, 153, 69, 175, 131, 187, 98, 48, 106, 61, 142], [19, 216, 51, 190, 84, 105, 134, 113, 70, 193, 155, 208]]
[5958.0, 2448.0, 3139.0, 7268.0, 2375.0, 8293.0, 3212.0, 8144.0, 8044.0, 6859.0, 7375.0, 1772.0, 4046.0, 2550.0, 6118.0, 3234.0, 3218.0, 4557.0, 2296.0, 9285.0]
100191.0
Improvement by SISRS 10000: 
[[0, 79, 101, 199, 103, 210, 144, 23, 91], [1, 209, 24, 29, 212, 65, 147, 125, 186, 53, 177, 114], [2, 76, 137, 102, 162, 195, 55, 52, 140, 184, 207, 127], [3, 163, 120, 138, 185, 54, 145, 90, 28, 20, 118, 72], [4, 77, 180, 123, 37, 73, 204, 151, 26, 200, 136, 68], [5], [6, 97, 174, 132, 194, 32, 62, 21, 109, 86, 58, 126, 36], [7, 112, 74, 154, 203, 218, 56, 100, 157, 156, 202], [8, 133, 178, 57, 169, 41, 35, 170, 161, 130, 82, 75], [9, 166, 85, 183, 179, 66, 89, 110], [10, 196, 22, 107, 27, 205, 146, 117, 176, 206, 159], [11, 31, 135, 148, 92, 25, 30, 158, 141], [12, 64, 197, 46, 192, 173, 43, 80, 119, 83, 198, 128], [13, 81, 150, 63, 121, 165, 95, 87, 116, 33, 115, 149, 47, 93, 168], [14, 49, 139, 38, 211, 215, 45, 171, 59, 172, 188, 108, 124, 34, 78, 217], [15, 167, 122, 143, 160, 88, 219], [16, 39, 60, 104, 99, 50, 44, 191, 96, 129, 181], [17, 67, 152, 40, 42, 201, 94, 182, 213, 164, 214, 71, 111, 142], [18, 189, 153, 69, 175, 131, 187, 98, 48, 106, 61], [19, 216, 51, 190, 84, 105, 134, 113, 70, 193, 155, 208]]
[5958.0, 2447.0, 3139.0, 2716.0, 4792.0, 0.0, 3212.0, 5497.0, 5203.0, 6025.0, 8559.0, 2539.0, 4046.0, 5592.0, 4934.0, 3234.0, 3218.0, 7969.0, 2200.0, 9285.0]
90565.0
Improvement by SISRS 10000, T_0 = 100 : 
[[0, 79, 101, 199, 103, 210, 144, 23, 91], [1, 209, 24, 29, 212, 65, 147, 125, 186, 53, 177, 114], [2, 76, 137, 102, 162, 195, 55, 140, 52, 184, 207, 127], [3, 163, 120, 138, 185, 54, 145, 90, 28, 20, 118], [4, 154, 74, 56, 218, 203], [5, 112, 77, 180, 123, 37, 73, 204, 151, 26, 200, 136, 68, 72], [6, 97, 174, 132, 194, 32, 62, 21, 109, 86, 58, 126, 36], [7, 133, 178, 57, 169, 41, 159, 35, 170, 157, 100, 156, 202], [8, 196, 22, 107, 27, 205, 146, 117, 176, 206, 161, 130, 82, 75], [9, 166, 85, 183, 179, 66, 89, 110], [10, 49, 139, 38, 211, 215, 116, 115, 149, 168, 93, 47], [11, 31, 135, 148, 92, 25, 30, 158, 141], [12, 64, 197, 46, 192, 173, 43, 80, 119, 83, 198, 128], [13, 81, 150, 63, 121, 165, 87, 95], [14, 40, 42, 201, 94, 182, 213, 164, 214, 71, 111, 34], [15, 167, 122, 143, 160, 88, 219], [16, 39, 60, 104, 99, 50, 44, 191, 96, 129, 181], [17, 152, 67, 45, 171, 59, 172, 188, 108, 124, 78, 33, 217], [18, 189, 153, 69, 175, 131, 187, 98, 48, 106, 61, 142], [19, 216, 51, 190, 84, 105, 134, 113, 70, 193, 155, 208]]
[5958.0, 2447.0, 3139.0, 2626.0, 1485.0, 14751.0, 3212.0, 8229.0, 8085.0, 6025.0, 7372.0, 2539.0, 4046.0, 2550.0, 6118.0, 3234.0, 3218.0, 4557.0, 2296.0, 9285.0]
101172.0
