105783.0
[5042.0, 4625.0, 5097.0, 7270.0, 6159.0, 6062.0, 7277.0, 4389.0, 5687.0, 0.0, 5583.0, 3508.0, 5029.0, 3947.0, 6548.0, 5033.0, 6809.0, 6517.0, 4605.0, 6596.0]
Improvement by SISRS: 
[[0, 79, 101, 199, 103, 210, 144, 23, 91], [1, 209, 24, 29, 212, 65, 147, 125, 186, 53, 177, 114], [2, 76, 137, 102, 162, 195, 55, 140, 52, 184, 207, 127], [3, 112, 74, 154, 203, 77, 73, 204, 151, 26, 200, 136, 68], [4, 180, 123, 37, 196, 22, 107, 27, 205, 146, 117, 176, 82, 75], [5, 141, 30, 148, 25, 158], [6, 97, 174, 132, 194, 32, 62, 21, 109, 86, 58, 126, 36], [7, 120, 163, 138, 185, 54, 145, 90, 28, 20, 118, 72], [8, 218, 56, 100, 202, 156, 157], [9], [10, 57, 178, 133, 170, 35, 169, 41, 159, 206, 161, 130], [11, 92, 135, 31, 183, 85, 166, 179, 66, 89, 110], [12, 64, 197, 46, 192, 173, 60, 99, 50, 44, 191, 96, 129, 181], [13, 81, 150, 63, 121, 165, 95, 87, 211, 47, 115, 149, 93, 168], [14, 49, 139, 38, 45, 175, 131, 187, 98, 48, 106, 61, 142, 34], [15, 51, 190, 84, 105, 134, 113, 70, 193, 155, 208], [16, 167, 122, 216, 143, 160, 88, 219], [17, 67, 152, 215, 116, 33, 171, 59, 172, 188, 108, 124, 78, 217], [18, 189, 69, 153, 40, 42, 201, 94, 182, 213, 164, 214, 71, 111], [19, 104, 39, 43, 80, 198, 128, 119, 83]]
[5958.0, 2447.0, 3139.0, 7563.0, 6646.0, 4146.0, 3212.0, 4389.0, 3629.0, 0.0, 6723.0, 3735.0, 5112.0, 5015.0, 6820.0, 5033.0, 4937.0, 5383.0, 4931.0, 6346.0]
95164.0
Improvement by SISRS 10000: 
[[0, 79, 101, 199, 103, 210, 144, 23, 91], [1, 209, 24, 29, 212, 65, 147, 125, 186, 53, 177, 114], [2, 76, 137, 102, 162, 195, 55, 52, 140, 184, 207, 127], [3, 163, 120, 138, 185, 54, 145, 90, 28, 20, 118, 72], [4, 77, 180, 123, 37, 73, 204, 151, 26, 200, 136, 68], [5, 141, 30, 148, 25, 158], [6, 97, 174, 132, 194, 32, 62, 21, 109, 86, 58, 126, 36], [7, 112, 74, 154, 203, 218, 56, 100, 157, 156, 202], [8, 133, 178, 196, 22, 107, 27, 205, 146, 117, 176, 130, 82, 75], [9, 51, 190, 84, 105, 134, 113, 70, 193, 155, 208], [10, 41, 57, 169, 35, 170, 161, 206, 159], [11, 92, 135, 31, 183, 85, 166, 179, 66, 89, 110], [12, 64, 197, 46, 192, 173, 43, 80, 119, 83, 198, 128], [13, 81, 150, 63, 121, 165, 87, 95], [14, 38, 49, 139, 211, 215, 116, 115, 33, 217, 34], [15, 167, 122, 216, 143, 160, 88, 219], [16, 39, 60, 104, 99, 50, 44, 191, 96, 129, 181], [17, 67, 152, 45, 171, 59, 172, 188, 108, 124, 78, 149, 47, 93, 168], [18, 40, 42, 201, 94, 182, 213, 164, 214, 71, 111], [19, 69, 189, 153, 175, 131, 187, 98, 48, 106, 61, 142]]
[5958.0, 2447.0, 3139.0, 2716.0, 4792.0, 4146.0, 3212.0, 5497.0, 8114.0, 9273.0, 5426.0, 3735.0, 4046.0, 2550.0, 3538.0, 3256.0, 3218.0, 5343.0, 4137.0, 7036.0]
91579.0
Improvement by SISRS 10000, T_0 = 100 : 
[[0, 102, 162, 195, 55, 52, 140, 127, 207, 184], [1, 24, 29, 79, 101, 199, 103, 210, 144, 23, 91], [2, 76, 137, 209, 212, 65, 147, 125, 186, 53, 114, 177], [3, 112, 74, 77, 180, 123, 37, 73, 204, 151, 26, 200, 136, 68], [4, 196, 22, 107, 27, 205, 146, 117, 176, 206, 161, 130, 82, 75], [5, 141, 30, 148, 25, 158], [6, 97, 174, 132, 194, 32, 62, 21, 109, 86, 58, 126, 36], [7, 120, 163, 138, 185, 54, 145, 90, 28, 20, 118, 72], [8, 203, 154, 56, 218, 157, 100, 156, 202], [9], [10, 133, 178, 57, 169, 170, 35, 159, 41], [11, 92, 135, 31, 183, 85, 166, 179, 66, 89, 110], [12, 64, 197, 46, 192, 173, 60, 99, 50, 44, 191, 96, 129, 181], [13, 81, 150, 63, 121, 165, 95, 87, 211, 116, 115, 149, 47, 93, 168], [14, 49, 139, 38, 215, 172, 69, 175, 131, 187, 98, 48, 106, 61, 142], [15, 51, 190, 84, 105, 134, 113, 70, 193, 155, 208], [16, 167, 122, 216, 143, 160, 88, 219], [17, 67, 152, 45, 33, 171, 59, 188, 108, 124, 34, 78, 217], [18, 189, 153, 40, 42, 201, 94, 182, 213, 164, 214, 71, 111], [19, 104, 39, 43, 80, 198, 128, 119, 83]]
[5042.0, 4567.0, 4994.0, 7270.0, 6301.0, 4146.0, 3212.0, 4389.0, 4413.0, 0.0, 5583.0, 3735.0, 5112.0, 5064.0, 6846.0, 5033.0, 4937.0, 4606.0, 4605.0, 6346.0]
96201.0
