104904.0
[5056.0, 5006.0, 4817.0, 7106.0, 5825.0, 6070.0, 5500.0, 5481.0, 5761.0, 6025.0, 6247.0, 2510.0, 4110.0, 3357.0, 3920.0, 5033.0, 4937.0, 5464.0, 4137.0, 8542.0]
Improvement by SISRS: 
[[0, 76, 137, 102, 162, 195, 55, 52, 140, 207, 184], [1, 209, 24, 29, 65, 210, 144, 23, 91], [2, 79, 101, 199, 103, 212, 147, 125, 186, 53, 114, 177, 127], [3, 112, 77, 180, 123, 37, 204, 151, 26, 200, 136, 68], [4, 196, 22, 107, 27, 205, 73, 146, 117, 176, 82, 75], [5, 62, 132, 174, 194, 32, 21, 109, 86, 36, 58, 126], [6, 97, 120, 163, 138, 185, 54, 145, 90, 28, 20, 118, 72], [7, 81, 150, 63, 121, 165, 87, 95], [8, 203, 154, 74, 56, 218, 157, 100, 156, 202], [9, 166, 85, 183, 179, 66, 89, 110], [10, 41, 169, 57, 133, 178, 170, 35, 159, 206, 161, 130], [11, 31, 135, 148, 30, 92, 158, 25, 141], [12, 39, 60, 104, 99, 50, 44, 191, 96, 129, 181], [13, 197, 64, 46, 192, 173, 43, 80, 119, 83, 198, 128], [14, 211, 38, 49, 139, 215, 116, 115, 149, 168, 93, 47], [15, 51, 190, 84, 105, 134, 113, 70, 193, 155, 208], [16, 167, 122, 216, 143, 160, 88, 219], [17, 189, 153, 69, 175, 131, 187, 98, 48, 106, 61, 142], [18, 40, 42, 201, 94, 182, 213, 164, 214, 71, 111], [19, 67, 152, 45, 171, 33, 59, 172, 188, 108, 124, 34, 78, 217]]
[5250.0, 3985.0, 6993.0, 7006.0, 6675.0, 5869.0, 6086.0, 3755.0, 4701.0, 6025.0, 6247.0, 2510.0, 4110.0, 3357.0, 3608.0, 5033.0, 4937.0, 4804.0, 4137.0, 8547.0]
103635.0
Improvement by SISRS 10000: 
[[0, 79, 101, 199, 103, 210, 144, 23, 91], [1, 209, 24, 29, 212, 65, 147, 125, 186, 53, 114], [2, 120, 163, 138, 185, 54, 145, 90, 28, 72, 118, 20], [3, 112, 74, 154, 180, 123, 204, 151, 26, 200, 136, 68], [4, 196, 22, 107, 77, 203, 218, 56, 100, 157, 156, 202], [5, 137, 76, 102, 162, 195, 55, 140, 52, 184, 207, 127, 177], [6, 194, 97, 174, 132, 32, 62, 21, 109, 86, 36, 126, 58], [7, 81, 150, 63, 121, 165, 87, 95], [8, 133, 37, 73, 146, 205, 27, 117, 176, 82, 75], [9, 166, 85, 183, 179, 66, 89, 110], [10, 41, 169, 57, 178, 170, 35, 159, 206, 161, 130], [11, 31, 135, 148, 30, 92, 158, 25, 141], [12, 39, 60, 104, 99, 50, 44, 191, 96, 129, 181], [13, 197, 64, 46, 192, 173, 43, 80, 119, 83, 198, 128], [14, 211, 38, 49, 139, 215, 116, 115, 149, 168, 93, 47], [15, 51, 190, 84, 105, 134, 113, 70, 193, 155, 208], [16, 167, 122, 216, 143, 160, 88, 219], [17, 67, 152, 45, 171, 33, 59, 172, 188, 108, 124, 34, 78, 217], [18, 40, 42, 201, 94, 182, 213, 164, 214, 71, 111], [19, 69, 189, 153, 175, 131, 187, 98, 48, 106, 61, 142]]
[5958.0, 2102.0, 4472.0, 6619.0, 6458.0, 6017.0, 3314.0, 3755.0, 7744.0, 6025.0, 5771.0, 2510.0, 4110.0, 3357.0, 3608.0, 5033.0, 4937.0, 5016.0, 4137.0, 7036.0]
97979.0
Improvement by SISRS 10000, T_0 = 100 : 
[[0, 76, 137, 102, 162, 195, 55, 52, 140, 207, 184], [1, 24, 79, 101, 199, 103, 210, 144, 23, 91], [2, 209, 29, 212, 65, 147, 125, 186, 53, 114, 177, 127], [3, 112, 77, 180, 123, 37, 204, 151, 26, 200, 136, 68], [4, 196, 22, 107, 27, 205, 73, 146, 117, 176, 82, 75], [5, 194, 97, 174, 132, 32, 62, 21, 109, 86, 36, 58, 126], [6, 120, 163, 138, 185, 54, 145, 90, 28, 72, 118, 20], [7, 81, 150, 63, 121, 165, 87, 95], [8, 203, 154, 74, 56, 218, 157, 100, 156, 202], [9, 166, 85, 183, 179, 66, 89, 110], [10, 41, 169, 57, 133, 178, 170, 35, 159, 206, 161, 130], [11, 31, 135, 148, 30, 92, 158, 25, 141], [12, 39, 60, 104, 99, 50, 44, 191, 96, 129, 181], [13, 197, 64, 46, 192, 173, 43, 80, 119, 83, 198, 128], [14, 38, 49, 139, 211, 215, 116, 34, 108, 188, 124, 217, 78], [15, 51, 190, 84, 105, 134, 113, 70, 193, 155, 208], [16, 167, 122, 216, 143, 160, 88, 219], [17, 189, 153, 69, 175, 131, 187, 98, 48, 106, 61, 142], [18, 40, 42, 201, 94, 182, 213, 164, 214, 71, 111], [19, 67, 152, 45, 171, 59, 172, 33, 115, 149, 47, 93, 168]]
[5250.0, 4564.0, 5055.0, 7006.0, 6675.0, 6070.0, 5497.0, 3755.0, 4701.0, 6025.0, 6247.0, 2510.0, 4110.0, 3357.0, 4027.0, 5033.0, 4937.0, 4804.0, 4137.0, 8764.0]
102524.0
