126835.0
[8569.0, 4987.0, 6382.0, 6919.0, 7266.0, 9866.0, 8578.0, 4493.0, 6000.0, 8960.0, 6830.0, 3282.0, 4104.0, 3132.0, 8091.0, 5033.0, 4937.0, 4912.0, 4931.0, 9563.0]
Improvement by SISRS: 
[[0, 138, 120, 36, 86, 194, 32, 62, 21, 109], [1, 209, 24, 212, 103, 199, 79, 195, 55, 52, 140, 184, 207, 127], [2, 76, 137, 102, 162, 91, 23, 101, 210, 144, 114, 177], [3, 180, 37, 73, 123, 204, 151, 26, 200, 136, 68, 176, 202], [4, 196, 22, 107, 27, 205, 146, 117, 82, 170, 161, 206, 130, 75], [5, 53, 29, 65, 147, 125, 186], [6, 132, 97, 81, 150, 87, 95, 174, 126, 58], [7, 72, 163, 185, 54, 145, 90, 28, 20, 118], [8, 112, 156, 74, 154, 77, 203, 218, 56, 100, 157], [9, 85, 183, 31, 135, 148, 30, 25, 92, 158, 141], [10, 57, 169, 178, 133, 35, 159, 41], [11, 166, 179, 66, 89, 110], [12, 39, 60, 104, 99, 50, 191, 44, 96, 129, 181], [13, 64, 197, 46, 192, 173, 43, 80, 198, 128, 119, 83], [14, 139, 49, 63, 121, 165, 38, 211, 215, 116, 115, 149, 168, 93], [15, 51, 190, 84, 105, 134, 113, 70, 193, 155, 208], [16, 167, 122, 216, 143, 160, 88, 219], [17, 67, 152, 47, 33, 171, 59, 172, 188, 124, 34, 217], [18, 189, 69, 153, 40, 42, 201, 94, 182, 213, 164, 214, 71, 111], [19, 45, 78, 108, 175, 131, 187, 98, 48, 106, 61, 142]]
[8597.0, 5017.0, 6092.0, 9359.0, 7077.0, 4414.0, 7199.0, 4158.0, 6357.0, 6219.0, 5094.0, 2672.0, 4266.0, 3824.0, 4644.0, 5033.0, 4937.0, 5433.0, 4931.0, 8609.0]
113932.0
Improvement by SISRS 10000: 
[[0, 138, 120, 36, 86, 194, 32, 62, 21, 109], [1, 24, 199, 79, 91, 101, 103, 210, 144, 23, 177, 114], [2, 76, 137, 102, 162, 195, 55, 52, 140, 184, 207, 127], [3, 112, 74, 77, 200, 123, 204, 151, 26, 136, 68], [4, 180, 37, 73, 22, 196, 107, 27, 205, 146, 117, 176], [5, 209, 212, 65, 147, 125, 29, 53, 186], [6, 97, 132, 174, 192, 152, 95, 126, 58], [7, 72, 163, 145, 185, 54, 90, 28, 20, 118], [8, 178, 57, 169, 41, 170, 133, 82, 206, 159, 35, 161, 130, 75], [9, 85, 183, 31, 135, 148, 30, 25, 92, 158, 141], [10, 203, 154, 56, 218, 156, 202, 100, 157], [11, 166, 179, 66, 89, 110], [12, 39, 60, 104, 99, 50, 191, 44, 96, 129, 181], [13, 197, 46, 64, 128, 198, 80, 43, 173, 119, 83], [14, 81, 150, 63, 165, 47, 33, 78, 108, 188, 124, 217, 34], [15, 216, 143, 160, 88, 219], [16, 167, 122, 51, 190, 84, 105, 134, 113, 70, 193, 155, 208], [17, 67, 139, 49, 87, 121, 38, 211, 215, 116, 115, 149, 93, 168], [18, 171, 45, 59, 172, 175, 131, 187, 98, 48, 106, 61, 142], [19, 153, 69, 189, 40, 42, 201, 94, 182, 213, 164, 214, 71, 111]]
[8597.0, 5254.0, 3139.0, 6998.0, 6211.0, 4964.0, 8316.0, 4146.0, 6714.0, 6219.0, 7561.0, 2672.0, 4266.0, 3132.0, 5427.0, 3186.0, 7963.0, 6194.0, 3765.0, 10213.0]
114937.0
Improvement by SISRS 10000, T_0 = 100 : 
[[0, 138, 120, 36, 97, 174, 86, 194, 21, 109], [1, 24, 212, 210, 103, 199, 101, 23, 144, 177, 114], [2, 76, 137, 102, 162, 195, 79, 91, 55, 140, 52, 184, 207, 127], [3, 112, 77, 180, 123, 37, 204, 200, 151, 26, 136, 68], [4, 196, 22, 107, 27, 205, 146, 73, 117, 176, 206, 161, 130, 75], [5, 209, 29, 65, 147, 125, 53, 186], [6, 132, 81, 150, 63, 121, 165, 87, 95, 126, 58], [7, 72, 163, 145, 185, 54, 90, 28, 20, 118], [8, 156, 218, 203, 154, 74, 56, 100, 202, 157], [9, 31, 135, 148, 30, 32, 62], [10, 57, 169, 41, 178, 133, 82, 170, 35, 159], [11, 183, 85, 179, 166, 66, 110, 89, 92, 25, 141, 158], [12, 39, 60, 104, 99, 50, 191, 44, 96, 129, 181], [13, 197, 46, 64, 128, 198, 192, 173, 43, 80, 119, 83], [14, 139, 49, 152, 47, 38, 211, 215, 116, 115, 149, 168, 93], [15, 51, 190, 84, 105, 134, 113, 70, 193, 155, 208], [16, 167, 122, 216, 143, 160, 88, 219], [17, 67, 45, 171, 59, 172, 188, 108, 78, 33, 217, 34, 124], [18, 40, 42, 201, 94, 182, 213, 164, 214, 71, 111], [19, 69, 189, 153, 175, 131, 187, 98, 48, 106, 61, 142]]
[8483.0, 4076.0, 5171.0, 7472.0, 6847.0, 4901.0, 6731.0, 4146.0, 5058.0, 7871.0, 6058.0, 4062.0, 4266.0, 3515.0, 5202.0, 5033.0, 4937.0, 5031.0, 4137.0, 7036.0]
110033.0
